Date,Open,High,Low,Last,Close,Total Trade Quantity,Turnover (Lacs)
2010-01-04,28.8,30.4,28.8,30.4,30.4,163574.0,49.05
2010-01-05,31.85,31.85,29.8,30.0,30.0,247403.0,75.1
2010-01-06,30.7,30.7,29.75,29.9,29.9,95061.0,28.61
2010-01-07,30.5,30.5,29.55,29.85,29.9,89160.0,26.75
2010-01-08,30.0,31.0,30.0,30.6,30.35,166846.0,50.8
2010-01-11,31.4,31.5,30.3,30.4,30.45,116708.0,35.91
2010-01-12,31.4,33.4,30.7,32.5,32.65,924404.0,298.34
2010-01-13,32.85,33.9,32.5,32.85,32.65,787457.0,260.77
2010-01-14,32.9,33.5,32.2,32.5,32.45,245323.0,80.63
2010-01-15,32.85,32.9,31.15,31.5,31.5,153634.0,49.07
2010-01-18,31.6,31.75,30.75,30.95,30.9,148578.0,46.28
2010-01-19,31.35,31.35,30.3,30.75,30.45,163905.0,50.56
2010-01-20,30.95,31.3,30.1,30.5,30.4,161861.0,49.53
2010-01-21,30.05,30.75,29.15,29.55,29.55,137304.0,41.19
2010-01-22,29.0,29.0,27.1,28.9,28.75,149282.0,42.56
2010-01-25,28.35,29.5,28.15,28.8,28.9,109821.0,31.63
2010-01-27,28.9,29.0,27.0,27.45,27.25,235565.0,66.01
2010-01-28,27.9,28.9,27.05,28.5,28.25,263162.0,73.75
2010-01-29,27.3,27.95,26.95,27.35,27.45,128454.0,35.21
2010-02-01,27.45,28.95,27.2,28.35,28.25,98655.0,27.9
2010-02-02,28.5,29.15,28.0,28.05,28.05,88149.0,25.11
2010-02-03,28.15,28.7,27.5,27.9,27.9,66259.0,18.64
2010-02-04,28.0,28.45,27.5,27.8,27.6,36403.0,10.12
2010-02-05,26.5,27.0,25.2,26.7,26.65,93773.0,24.87
2010-02-06,26.45,27.5,26.35,27.3,27.3,18063.0,4.88
2010-02-08,28.0,28.0,27.1,28.0,27.8,57249.0,15.78
2010-02-09,28.0,28.0,27.0,27.0,27.15,72244.0,19.69
2010-02-10,27.0,28.15,27.0,27.35,27.35,91322.0,25.05
2010-02-11,27.4,28.95,27.35,28.0,27.8,158643.0,44.76
2010-02-15,28.75,28.75,27.3,27.3,27.4,35616.0,9.81
2010-02-16,27.55,27.8,27.0,27.3,27.25,44943.0,12.24
2010-02-17,27.15,28.0,27.1,27.1,27.25,41385.0,11.36
2010-02-18,27.15,27.7,26.7,26.8,26.85,86057.0,23.29
2010-02-19,26.7,26.8,26.0,26.15,26.2,40733.0,10.7
2010-02-22,26.6,26.9,24.75,24.95,25.05,80193.0,20.58
2010-02-23,24.8,25.85,24.35,24.6,24.8,83466.0,21.01
2010-02-24,25.0,25.45,24.6,24.8,25.05,51066.0,12.74
2010-02-25,25.05,25.4,24.05,24.85,24.85,36697.0,9.14
2010-02-26,25.2,25.95,24.4,25.8,25.75,91618.0,23.19
2010-03-02,26.45,26.5,25.8,26.3,26.3,74475.0,19.51
2010-03-03,26.8,26.95,26.0,26.6,26.6,58079.0,15.47
2010-03-04,26.8,27.0,26.55,26.7,26.75,40098.0,10.74
2010-03-05,26.2,26.95,26.2,26.6,26.7,64838.0,17.38
2010-03-08,27.75,27.75,26.6,26.6,26.7,84148.0,22.6
2010-03-09,27.0,27.0,26.0,26.0,26.05,35408.0,9.28
2010-03-10,26.5,26.5,25.85,26.05,26.15,70546.0,18.47
2010-03-11,26.5,26.5,25.5,25.9,25.7,40505.0,10.44
2010-03-12,26.65,26.9,26.0,26.0,26.2,154740.0,40.95
2010-03-15,26.4,26.6,25.05,25.25,25.2,65546.0,16.67
2010-03-16,25.15,25.35,24.4,25.0,24.85,78964.0,19.57
2010-03-17,24.9,27.0,24.85,25.85,25.9,213521.0,55.61
2010-03-18,25.65,26.95,25.65,26.15,26.25,166294.0,44.21
2010-03-19,26.55,29.5,25.65,26.8,27.45,992903.0,276.87
2010-03-22,29.0,31.75,26.6,30.4,30.5,3483480.0,1068.0
2010-03-23,32.0,36.15,31.1,34.3,34.05,13881795.0,4792.34
2010-03-25,35.0,36.4,34.25,34.95,34.85,5757868.0,2039.4
2010-03-26,34.85,35.45,32.15,32.6,32.4,2193265.0,730.95
2010-03-29,33.45,35.55,31.05,34.0,33.7,4111188.0,1395.9
2010-03-30,34.15,34.65,32.6,32.85,33.0,932271.0,311.51
2010-03-31,33.5,33.5,31.85,32.0,32.05,510471.0,165.32
2010-04-01,32.1,32.9,32.1,32.3,32.4,339285.0,110.25
2010-04-05,33.0,33.0,30.8,31.3,31.15,155822.0,48.92
2010-04-06,30.05,32.2,30.05,31.7,31.3,174349.0,53.91
2010-04-07,31.7,31.75,30.6,30.75,30.85,150972.0,47.07
2010-04-08,30.75,31.3,30.25,30.9,30.6,107088.0,32.94
2010-04-09,30.6,31.1,30.2,30.45,30.35,100478.0,30.81
2010-04-12,31.3,31.9,30.0,31.9,31.9,133442.0,42.05
2010-04-13,32.95,33.5,32.8,33.5,33.5,281760.0,94.21
2010-04-15,34.8,34.8,32.3,32.9,32.65,238200.0,79.0
2010-04-16,32.55,33.35,31.55,32.1,32.2,103339.0,33.26
2010-04-19,31.05,32.25,30.6,30.85,30.8,120149.0,37.15
2010-04-20,31.45,31.9,30.9,31.15,31.1,70667.0,22.01
2010-04-21,31.8,32.15,31.0,31.3,31.2,82215.0,25.81
2010-04-22,31.5,32.8,31.15,32.8,32.8,180620.0,58.59
2010-04-23,33.95,34.45,32.1,32.8,32.5,184495.0,60.87
2010-04-26,33.0,33.0,31.7,31.85,31.85,69293.0,22.25
2010-04-27,31.9,32.0,30.75,31.05,31.15,60226.0,18.81
2010-04-28,31.15,32.4,30.5,31.8,31.45,113628.0,35.42
2010-04-29,32.25,32.95,31.6,32.0,31.9,78056.0,25.06
2010-04-30,32.5,33.5,31.85,33.5,33.5,242651.0,80.25
2010-05-03,34.4,34.4,31.85,32.25,31.95,169835.0,55.16
2010-05-04,32.05,32.95,30.55,30.6,30.8,114176.0,35.76
2010-05-05,30.0,31.3,29.3,31.2,30.8,111243.0,33.5
2010-05-06,31.0,31.65,30.5,31.0,31.05,70683.0,21.9
2010-05-07,30.6,30.6,29.5,29.85,29.95,150120.0,44.83
2010-05-10,30.0,30.85,29.65,30.1,30.2,50358.0,15.17
2010-05-11,30.65,30.7,29.5,29.55,29.65,46164.0,13.8
2010-05-12,29.6,31.15,29.4,30.3,30.55,101018.0,30.91
2010-05-13,30.95,31.2,29.6,29.95,30.0,68816.0,20.99
2010-05-14,30.0,30.5,29.5,30.0,29.8,42731.0,12.83
2010-05-17,30.0,30.0,28.35,28.8,28.9,87092.0,25.16
2010-05-18,29.6,29.95,27.5,29.0,29.1,75232.0,21.89
2010-05-19,29.0,29.0,28.0,28.3,28.15,61283.0,17.43
2010-05-20,28.35,28.95,27.5,28.15,28.15,58335.0,16.42
2010-05-21,28.0,28.0,26.75,27.5,27.45,50672.0,13.87
2010-05-24,27.3,28.8,27.0,28.4,28.0,61176.0,17.29
2010-05-25,28.0,28.4,26.6,27.0,26.8,76164.0,20.72
2010-05-26,27.95,27.95,26.5,26.7,26.85,64150.0,17.25
2010-05-27,26.9,27.0,26.0,26.5,26.55,56803.0,15.15
2010-05-28,26.65,27.3,26.55,27.15,27.05,68702.0,18.5
2010-05-31,27.5,27.95,27.05,27.35,27.7,42472.0,11.66
2010-06-01,27.9,28.15,27.4,27.8,27.55,41778.0,11.54
2010-06-02,28.0,28.1,27.05,27.35,27.4,30736.0,8.49
2010-06-03,28.3,28.3,27.5,27.6,27.65,34390.0,9.55
2010-06-04,27.85,27.95,27.1,27.9,27.85,38767.0,10.68
2010-06-07,28.0,28.0,26.5,27.1,27.15,29448.0,7.97
2010-06-08,27.2,27.95,26.6,27.25,27.2,31157.0,8.57
2010-06-09,27.0,27.75,27.0,27.05,27.1,28076.0,7.64
2010-06-10,27.0,27.7,27.0,27.5,27.55,23618.0,6.48
2010-06-11,28.0,28.5,27.5,27.85,27.85,94164.0,26.48
2010-06-14,28.0,28.85,28.0,28.3,28.45,74533.0,21.31
2010-06-15,28.3,28.9,28.2,28.3,28.4,77683.0,22.15
2010-06-16,28.2,29.85,28.05,29.85,29.85,185337.0,54.84
2010-06-17,31.35,31.35,30.35,31.35,31.35,962266.0,299.87
2010-06-18,32.45,32.45,29.8,29.8,29.8,259807.0,78.84
2010-06-21,28.6,30.3,28.6,29.6,29.7,98904.0,29.45
2010-06-22,30.1,30.15,29.05,29.2,29.2,80805.0,23.79
2010-06-23,29.7,29.7,29.0,29.0,29.1,74158.0,21.68
2010-06-24,29.2,30.0,29.0,29.7,29.85,191399.0,56.32
2010-06-25,29.25,29.75,29.05,29.4,29.3,97260.0,28.56
2010-06-28,29.6,30.75,29.5,30.2,30.1,212676.0,64.11
2010-06-29,30.3,30.3,29.5,29.5,29.65,56375.0,16.86
2010-06-30,29.5,30.55,28.7,30.0,29.95,157293.0,46.97
2010-07-01,30.35,30.5,29.3,29.95,30.0,73439.0,21.99
2010-07-02,30.25,31.1,29.8,30.3,30.55,267574.0,81.74
2010-07-05,30.75,30.75,29.95,30.2,30.25,82137.0,24.79
2010-07-06,30.4,30.9,30.0,30.5,30.5,114347.0,34.96
2010-07-07,31.0,32.35,30.45,30.55,30.6,420142.0,131.17
2010-07-08,31.0,31.0,30.1,30.25,30.2,130624.0,39.92
2010-07-09,30.5,30.75,29.5,29.5,29.75,135715.0,40.92
2010-07-12,30.0,31.4,30.0,30.3,30.35,379774.0,115.99
2010-07-13,30.9,31.3,30.15,30.35,30.35,249357.0,76.24
2010-07-14,30.95,30.95,29.85,30.05,30.0,93983.0,28.42
2010-07-15,30.5,30.5,29.75,30.0,30.1,119398.0,35.86
2010-07-16,30.05,31.0,29.9,30.2,30.25,264796.0,80.15
2010-07-19,30.3,30.7,29.75,29.85,29.8,77793.0,23.33
2010-07-20,30.0,30.2,29.05,29.65,29.55,142689.0,42.38
2010-07-21,29.75,29.9,29.1,29.4,29.25,81773.0,23.99
2010-07-22,29.55,29.6,28.9,29.0,29.0,128074.0,37.39
2010-07-23,29.45,29.45,28.5,29.0,28.7,89290.0,25.8
2010-07-26,29.0,29.15,28.25,28.8,28.9,122571.0,35.18
2010-07-27,28.9,29.2,28.6,28.8,28.75,110772.0,32.08
2010-07-28,29.2,29.95,27.8,27.85,28.1,365733.0,105.43
2010-07-29,28.2,28.55,28.0,28.0,28.15,105714.0,29.88
2010-07-30,28.0,28.25,27.75,27.85,28.0,58284.0,16.31
2010-08-02,28.05,28.25,27.7,27.95,27.8,83062.0,23.22
2010-08-03,28.0,28.55,27.3,28.4,28.3,186084.0,52.47
2010-08-04,28.5,28.5,27.6,27.9,27.85,53139.0,14.92
2010-08-05,28.05,28.2,27.7,27.75,27.95,55804.0,15.65
2010-08-06,28.0,28.55,27.6,27.95,27.75,88650.0,24.87
2010-08-09,28.45,28.45,27.8,27.8,28.0,117678.0,33.07
2010-08-10,28.2,28.2,27.7,28.1,27.95,142176.0,39.69
2010-08-11,28.0,28.2,27.7,27.75,27.75,98755.0,27.6
2010-08-12,27.55,27.9,27.5,27.55,27.6,86723.0,23.98
2010-08-13,27.55,28.0,27.2,27.25,27.3,63245.0,17.46
2010-08-16,27.1,27.7,27.1,27.25,27.25,60539.0,16.54
2010-08-17,27.45,27.5,27.1,27.2,27.35,86430.0,23.61
2010-08-18,27.2,29.35,26.9,29.2,28.85,485911.0,136.01
2010-08-19,29.3,30.0,28.65,29.0,28.8,245138.0,71.89
2010-08-20,29.0,29.7,28.5,28.75,28.9,214804.0,62.15
2010-08-23,29.9,29.9,28.9,28.9,29.1,161187.0,47.39
2010-08-24,29.1,29.4,27.85,28.2,28.05,184770.0,52.48
2010-08-25,28.05,28.5,27.45,27.8,27.75,121843.0,34.06
2010-08-26,27.75,30.45,27.55,30.1,29.65,435410.0,127.34
2010-08-27,30.8,31.8,29.3,29.85,29.95,1250866.0,384.44
2010-08-30,30.15,30.65,28.75,28.9,28.85,171333.0,50.26
2010-08-31,28.75,28.8,28.05,28.5,28.55,110585.0,31.36
2010-09-01,28.6,29.15,28.25,28.6,28.8,109733.0,31.4
2010-09-02,28.6,28.8,28.1,28.15,28.25,113462.0,32.31
2010-09-03,28.3,29.65,27.75,28.85,29.0,168109.0,48.48
2010-09-06,29.0,29.3,28.55,28.65,28.75,66891.0,19.34
2010-09-07,28.7,30.4,28.7,29.2,29.25,266311.0,78.62
2010-09-08,29.45,32.65,29.2,32.25,32.0,2185837.0,694.51
2010-09-09,32.6,32.65,30.75,30.95,31.0,695391.0,218.9
2010-09-13,31.1,31.5,29.9,29.9,30.1,238671.0,73.11
2010-09-14,30.2,30.7,29.4,29.6,29.55,223626.0,66.5
2010-09-15,29.35,30.5,29.35,29.95,29.95,190786.0,56.97
2010-09-16,29.9,30.4,29.2,29.3,29.35,216655.0,64.08
2010-09-17,29.7,30.4,27.2,29.9,29.95,267113.0,79.13
2010-09-20,30.1,30.5,29.5,29.75,29.7,185456.0,55.57
2010-09-21,29.95,33.4,29.25,30.4,30.45,2348595.0,742.97
2010-09-22,31.4,31.9,30.05,31.05,31.25,956641.0,297.6
2010-09-23,31.7,31.7,30.5,30.65,30.7,345339.0,107.54
2010-09-24,30.25,31.1,29.9,30.25,30.1,188236.0,57.25
2010-09-27,30.45,32.0,30.1,30.1,30.25,406798.0,125.28
2010-09-28,30.5,30.75,29.3,29.7,29.5,200104.0,59.8
2010-09-29,29.85,30.25,29.05,29.2,29.15,140864.0,41.54
2010-09-30,29.4,32.0,28.7,30.7,30.65,1177485.0,364.67
2010-10-01,31.15,33.4,31.0,32.6,32.55,2308065.0,749.85
2010-10-04,33.0,33.2,31.3,31.5,31.55,436257.0,139.83
2010-10-05,31.6,32.0,30.55,30.65,30.85,249927.0,77.94
2010-10-06,30.95,31.4,30.4,30.7,30.55,217955.0,67.38
2010-10-07,30.55,31.5,30.2,30.4,30.4,280280.0,86.52
2010-10-08,30.5,30.6,29.85,30.05,30.05,180272.0,54.4
2010-10-11,30.3,31.45,30.2,30.6,30.6,308234.0,95.11
2010-10-12,30.35,30.8,29.9,30.15,30.05,113815.0,34.32
2010-10-13,30.5,30.65,30.05,30.1,30.2,111305.0,33.72
2010-10-14,30.15,30.9,30.05,30.1,30.2,267497.0,81.45
2010-10-15,30.05,30.4,29.75,29.95,29.9,196255.0,58.79
2010-10-18,29.6,30.3,29.6,30.0,29.95,130411.0,39.04
2010-10-19,30.25,31.2,29.85,29.95,30.05,184044.0,55.78
2010-10-20,30.25,30.75,29.85,29.95,29.95,167916.0,50.61
2010-10-21,30.35,31.05,29.85,30.2,30.3,208389.0,63.74
2010-10-22,30.5,30.8,29.3,29.95,30.0,207211.0,62.24
2010-10-25,30.0,30.25,29.8,29.9,29.9,112315.0,33.72
2010-10-26,30.2,30.2,29.6,30.1,29.95,114482.0,34.31
2010-10-27,30.3,31.35,29.5,29.8,29.65,496731.0,150.1
2010-10-28,29.5,30.0,28.9,29.0,29.0,169171.0,49.57
2010-10-29,29.0,29.4,28.15,28.2,28.45,178718.0,51.35
2010-11-01,28.5,28.9,28.0,28.05,28.2,100359.0,28.56
2010-11-02,28.5,28.5,27.9,28.05,28.0,112339.0,31.61
2010-11-03,28.1,28.5,27.6,28.1,28.1,111905.0,31.61
2010-11-04,28.0,28.4,28.0,28.15,28.1,120674.0,34.01
2010-11-05,28.9,29.2,28.25,29.0,28.9,80370.0,23.17
2010-11-08,29.55,33.5,28.2,31.8,31.85,1627860.0,517.54
2010-11-09,32.5,32.7,31.0,31.3,31.4,884575.0,280.89
2010-11-10,32.25,32.4,31.35,32.0,31.8,614877.0,196.32
2010-11-11,32.2,32.2,30.0,30.6,30.2,331033.0,102.23
2010-11-12,30.1,31.35,29.4,29.45,29.6,296312.0,89.87
2010-11-15,30.3,31.45,30.05,30.75,30.7,348745.0,107.29
2010-11-16,30.7,31.25,29.25,29.3,29.45,219605.0,65.53
2010-11-18,29.5,29.9,28.6,28.95,28.95,139869.0,40.71
2010-11-19,29.4,29.4,28.0,28.05,28.2,154109.0,44.02
2010-11-22,29.0,29.0,28.0,28.3,28.55,98799.0,28.09
2010-11-23,28.3,28.8,27.35,28.0,27.9,123511.0,34.64
2010-11-24,27.7,28.7,27.7,27.85,27.95,91166.0,25.67
2010-11-25,27.5,28.45,26.5,26.8,26.7,131556.0,35.78
2010-11-26,27.1,27.2,25.5,26.65,26.55,141248.0,37.21
2010-11-29,26.05,26.85,25.55,25.95,25.95,112194.0,29.12
2010-11-30,26.0,26.85,25.9,26.25,26.25,108734.0,28.66
2010-12-01,26.2,27.6,26.2,27.55,27.35,113127.0,30.53
2010-12-02,27.9,28.1,27.5,27.5,27.6,84279.0,23.36
2010-12-03,27.6,27.85,25.8,26.0,26.0,200924.0,53.01
2010-12-06,26.45,26.75,25.5,25.75,25.65,147109.0,38.26
2010-12-07,25.8,26.0,25.4,25.75,25.8,68229.0,17.53
2010-12-08,25.45,25.75,24.9,25.0,25.05,95592.0,24.11
2010-12-09,25.8,25.8,23.75,23.8,24.0,110056.0,26.8
2010-12-10,24.0,24.65,23.5,24.15,24.05,90218.0,21.69
2010-12-13,24.25,24.95,24.15,24.55,24.6,43067.0,10.56
2010-12-14,24.9,26.2,24.5,25.85,25.75,132640.0,33.89
2010-12-15,26.0,26.0,24.55,24.8,24.7,137386.0,34.31
2010-12-16,25.5,25.5,24.3,24.7,24.75,64750.0,16.02
2010-12-20,24.6,24.85,24.35,24.45,24.4,76109.0,18.73
2010-12-21,24.6,25.0,24.2,24.4,24.4,79456.0,19.52
2010-12-22,24.7,25.35,23.7,23.9,23.95,175854.0,42.9
2010-12-23,24.25,26.65,24.2,24.7,24.45,2272430.0,574.93
2010-12-24,25.0,25.0,24.1,24.25,24.2,471254.0,115.0
2010-12-27,24.4,24.6,23.8,24.2,24.05,226714.0,55.05
2010-12-28,24.0,24.5,23.8,23.9,24.0,223795.0,54.2
2010-12-29,24.45,24.5,24.0,24.35,24.2,194970.0,47.27
2010-12-30,24.2,25.75,24.2,24.8,24.7,1193872.0,300.13
2010-12-31,25.15,25.25,24.75,25.15,25.1,240680.0,60.42
2011-01-03,24.0,25.7,23.8,25.05,25.05,204893.0,51.31
2011-01-04,25.7,25.9,24.5,24.6,24.7,454851.0,113.76
2011-01-05,24.9,25.2,23.85,24.0,23.95,394348.0,96.31
2011-01-06,24.45,24.8,23.95,24.05,24.05,436466.0,105.95
2011-01-07,24.35,24.35,23.5,23.7,23.6,195358.0,46.53
2011-01-10,23.7,23.95,22.8,22.9,23.0,227939.0,53.23
2011-01-11,23.2,24.35,22.75,22.85,22.9,492200.0,115.61
2011-01-12,23.0,23.4,22.8,23.15,23.1,143546.0,33.07
2011-01-13,23.1,23.45,22.8,22.9,22.9,109774.0,25.35
2011-01-14,23.0,23.15,22.6,22.75,22.65,119949.0,27.48
2011-01-17,23.0,23.05,22.1,22.2,22.2,105301.0,23.72
2011-01-18,22.3,22.75,22.0,22.4,22.3,93854.0,20.98
2011-01-19,22.95,22.95,21.75,21.75,21.95,157694.0,34.97
2011-01-20,21.9,22.2,21.5,22.0,22.0,80911.0,17.7
2011-01-21,22.15,22.35,22.05,22.2,22.1,82579.0,18.33
2011-01-24,22.1,22.4,21.9,21.9,21.95,74356.0,16.39
2011-01-25,22.3,22.3,21.55,21.75,21.7,124443.0,27.26
2011-01-27,21.8,21.9,20.75,21.05,21.05,199893.0,42.28
2011-01-28,21.1,21.1,19.9,20.1,20.15,150825.0,30.57
2011-01-31,20.3,20.85,19.25,19.8,19.9,373855.0,74.49
2011-02-01,19.75,20.2,19.55,19.7,19.8,111342.0,22.21
2011-02-02,19.85,20.2,19.7,19.7,19.8,74984.0,14.96
2011-02-03,19.9,20.1,19.2,19.95,19.9,107347.0,21.25
2011-02-04,19.85,20.1,19.15,19.15,19.2,99662.0,19.54
2011-02-07,19.0,19.4,18.35,18.85,18.95,206403.0,39.34
2011-02-08,19.0,19.0,18.05,18.4,18.25,211205.0,38.65
2011-02-09,18.0,18.25,17.05,17.3,17.45,158333.0,28.27
2011-02-10,18.0,18.0,16.75,17.3,17.25,115513.0,19.77
2011-02-11,17.15,18.15,17.0,18.0,17.95,116754.0,20.26
2011-02-14,18.15,19.4,18.15,19.1,19.1,106994.0,20.14
2011-02-15,19.65,19.75,18.8,19.2,19.25,121942.0,23.58
2011-02-16,19.1,19.6,19.1,19.55,19.45,81271.0,15.81
2011-02-17,19.3,20.2,19.3,20.0,19.95,91479.0,18.13
2011-02-18,20.1,20.5,19.0,19.2,19.15,78192.0,15.39
2011-02-21,19.2,19.2,18.5,19.05,19.0,45215.0,8.52
2011-02-22,18.4,19.0,18.15,18.4,18.35,69094.0,12.79
2011-02-23,18.4,18.5,18.05,18.1,18.2,33495.0,6.1
2011-02-24,18.15,18.2,17.4,17.5,17.55,87144.0,15.43
2011-02-25,18.15,18.15,17.3,17.85,17.75,51145.0,9.05
2011-02-28,18.0,18.0,17.15,17.75,17.6,81410.0,14.43
2011-03-01,17.75,18.25,17.45,18.15,18.05,52983.0,9.44
2011-03-03,18.5,18.9,17.9,18.2,18.1,65702.0,12.02
2011-03-04,18.1,18.75,18.1,18.1,18.2,43271.0,7.96
2011-03-07,18.5,18.5,17.6,18.0,17.95,27102.0,4.86
2011-03-08,18.0,18.25,17.8,18.0,17.95,46189.0,8.34
2011-03-09,18.3,18.3,17.95,18.25,18.25,86946.0,15.74
2011-03-10,18.25,18.5,18.0,18.1,18.15,40380.0,7.35
2011-03-11,18.0,18.35,17.55,17.65,17.65,107019.0,19.18
2011-03-14,17.6,17.9,17.3,17.4,17.45,86938.0,15.26
2011-03-15,17.5,17.5,16.7,16.9,17.0,76448.0,13.03
2011-03-16,17.3,17.4,17.15,17.15,17.25,55926.0,9.66
2011-03-17,17.2,17.3,16.9,17.0,17.0,56788.0,9.68
2011-03-18,17.25,17.3,16.85,17.0,16.9,33057.0,5.62
2011-03-21,17.0,17.05,16.75,16.8,16.8,53284.0,8.99
2011-03-22,17.5,17.5,16.5,16.65,16.65,65776.0,11.01
2011-03-23,16.5,16.95,16.45,16.45,16.5,46120.0,7.7
2011-03-24,16.8,16.95,16.3,16.6,16.5,106245.0,17.6
2011-03-25,16.5,17.3,16.5,17.25,17.2,106224.0,18.05
2011-03-28,17.35,17.35,16.75,16.8,16.85,77221.0,13.11
2011-03-29,17.0,17.0,16.3,16.3,16.4,80528.0,13.4
2011-03-30,16.6,17.0,16.5,16.8,16.75,62079.0,10.4
2011-03-31,16.55,16.95,16.5,16.7,16.65,82949.0,13.88
2011-04-01,16.95,19.35,16.65,18.95,18.8,386168.0,71.33
2011-04-04,19.5,21.2,19.1,20.8,20.45,467306.0,94.86
2011-04-05,20.7,24.25,20.5,23.25,23.5,2072630.0,483.87
2011-04-06,23.5,25.8,23.3,24.35,24.35,1664872.0,412.08
2011-04-07,24.5,25.25,23.55,23.7,23.65,368764.0,88.97
2011-04-08,23.8,23.95,22.4,22.7,22.6,273688.0,62.87
2011-04-11,22.0,23.75,21.55,22.6,22.6,418717.0,95.66
2011-04-13,22.15,22.95,21.6,22.45,22.4,190311.0,42.68
2011-04-15,22.4,22.6,21.8,22.1,22.05,91634.0,20.21
2011-04-18,22.3,22.3,21.25,21.55,21.35,81237.0,17.64
2011-04-19,21.5,21.5,20.3,20.35,20.5,69082.0,14.22
2011-04-20,20.6,21.2,20.5,21.2,20.95,53575.0,11.18
2011-04-21,20.95,21.25,20.35,21.0,20.85,32860.0,6.87
2011-04-25,20.5,21.9,20.45,21.5,21.55,61000.0,13.06
2011-04-26,21.1,22.4,20.7,22.1,22.25,71984.0,15.83
2011-04-27,22.5,23.1,22.1,22.65,22.55,70249.0,15.85
2011-04-28,22.8,22.8,21.55,21.85,21.95,42601.0,9.46
2011-04-29,21.5,22.85,21.5,21.5,21.7,35245.0,7.76
2011-05-02,21.35,21.5,20.65,20.65,20.75,82195.0,17.27
2011-05-03,20.5,21.0,20.2,20.6,20.65,36764.0,7.56
2011-05-04,20.6,21.0,20.1,20.25,20.4,53648.0,10.98
2011-05-05,20.5,20.95,19.9,19.9,20.0,21772.0,4.41
2011-05-06,19.55,20.55,19.0,19.8,19.55,94370.0,18.36
2011-05-09,20.0,20.5,19.0,19.3,19.1,51374.0,10.03
2011-05-10,19.0,19.8,18.9,19.45,19.65,23499.0,4.57
2011-05-11,19.95,20.0,19.05,19.5,19.6,37185.0,7.22
2011-05-12,19.2,20.0,19.1,20.0,19.85,27054.0,5.35
2011-05-13,18.95,20.15,18.95,20.0,20.0,23590.0,4.72
2011-05-16,20.3,20.4,19.3,20.4,20.35,34157.0,6.89
2011-05-17,19.4,20.7,19.4,20.2,20.2,46310.0,9.44
2011-05-18,20.65,21.25,20.1,21.25,21.25,78802.0,16.59
2011-05-19,21.95,22.3,21.3,21.45,21.45,90472.0,19.49
2011-05-20,20.5,21.75,20.5,21.45,21.2,29066.0,6.21
2011-05-23,20.3,21.45,20.2,20.6,20.4,35188.0,7.22
2011-05-24,20.25,20.45,20.0,20.1,20.15,14811.0,2.99
2011-05-25,19.9,20.55,19.9,20.0,20.15,21186.0,4.28
2011-05-26,20.25,21.2,20.2,21.2,21.2,30195.0,6.34
2011-05-27,22.3,22.3,21.5,22.3,22.3,76911.0,17.1
2011-05-30,23.4,23.4,21.5,21.85,21.95,78318.0,17.73
2011-05-31,22.4,22.95,21.4,22.0,21.75,31084.0,6.79
2011-06-01,22.6,22.85,22.6,22.85,22.85,52360.0,11.94
2011-06-02,23.5,23.6,22.2,22.9,22.8,48417.0,10.99
2011-06-03,22.3,23.45,22.15,22.85,22.7,28518.0,6.43
2011-06-06,22.5,22.7,22.0,22.6,22.45,18808.0,4.19
2011-06-07,22.65,22.65,22.25,22.25,22.3,19460.0,4.35
2011-06-08,22.0,22.55,22.0,22.15,22.2,18677.0,4.16
2011-06-09,22.0,22.75,21.5,22.0,21.8,58504.0,12.73
2011-06-10,21.95,22.15,21.7,21.85,22.0,19353.0,4.24
2011-06-13,21.9,22.1,21.5,22.0,21.95,25634.0,5.58
2011-06-14,21.45,21.95,21.2,21.6,21.7,24243.0,5.22
2011-06-15,21.55,22.8,21.55,22.25,22.05,87715.0,19.81
2011-06-16,21.7,22.1,21.55,21.8,21.8,12392.0,2.7
2011-06-17,21.8,22.35,21.3,21.3,21.7,35575.0,7.76
2011-06-20,21.55,21.85,20.65,20.65,20.65,53941.0,11.27
2011-06-21,21.5,21.65,19.65,19.65,19.95,71045.0,14.53
2011-06-22,20.05,20.5,19.65,19.65,19.85,32238.0,6.39
2011-06-23,19.5,20.0,19.0,19.65,19.65,45918.0,9.0
2011-06-24,19.35,20.2,19.35,20.0,19.95,33654.0,6.7
2011-06-27,19.45,20.5,19.3,20.0,20.25,23058.0,4.61
2011-06-28,20.0,20.4,19.75,20.0,20.0,23745.0,4.75
2011-06-29,20.0,20.35,19.9,19.9,20.1,31902.0,6.43
2011-06-30,20.1,20.5,19.85,20.5,20.35,34987.0,7.08
2011-07-01,20.3,21.1,20.3,20.8,20.75,27499.0,5.69
2011-07-04,20.75,21.25,20.55,20.75,20.75,33935.0,7.1
2011-07-05,20.45,20.85,20.4,20.5,20.5,26050.0,5.35
2011-07-06,20.5,20.85,20.1,20.45,20.6,19182.0,3.94
2011-07-07,20.5,20.95,20.5,20.6,20.7,26199.0,5.42
2011-07-08,20.45,20.65,20.0,20.3,20.1,21795.0,4.42
2011-07-11,19.95,20.25,19.8,20.0,20.0,18972.0,3.81
2011-07-12,19.8,20.0,18.1,19.9,19.6,41936.0,8.18
2011-07-13,19.85,20.2,19.05,19.6,19.5,38857.0,7.64
2011-07-14,19.35,20.25,19.35,19.7,19.75,39939.0,7.91
2011-07-15,19.1,20.45,19.1,19.85,19.75,18970.0,3.73
2011-07-18,20.45,20.45,19.55,19.9,19.9,27671.0,5.48
2011-07-19,19.8,20.15,19.8,19.85,20.0,23706.0,4.74
2011-07-20,20.5,20.5,19.55,19.6,19.65,65740.0,13.09
2011-07-21,19.25,20.0,19.25,19.55,19.55,59037.0,11.62
2011-07-22,19.4,19.85,19.4,19.55,19.65,36093.0,7.09
2011-07-25,19.5,19.9,19.45,19.45,19.5,44112.0,8.67
2011-07-26,19.25,19.75,19.1,19.4,19.25,41787.0,8.08
2011-07-27,19.3,19.5,19.0,19.3,19.3,27240.0,5.23
2011-07-28,19.2,19.5,19.0,19.05,19.05,31555.0,6.03
2011-07-29,19.5,19.5,18.75,19.25,19.15,28279.0,5.39
2011-08-01,19.15,19.75,18.75,18.75,18.8,34224.0,6.52
2011-08-02,18.55,19.0,18.55,18.6,18.65,32027.0,6.0
2011-08-03,17.8,18.75,17.8,18.55,18.6,33606.0,6.23
2011-08-04,18.5,18.75,18.1,18.15,18.25,28445.0,5.22
2011-08-05,17.95,18.75,17.05,17.6,17.5,70667.0,12.32
2011-08-08,19.2,19.2,15.75,16.2,16.1,199335.0,31.85
2011-08-09,15.9,16.0,14.6,15.75,15.5,220512.0,33.9
2011-08-10,15.65,17.05,15.65,17.05,17.05,73870.0,12.3
2011-08-11,17.0,18.2,17.0,18.05,17.9,127424.0,22.56
2011-08-12,18.5,18.5,18.0,18.3,18.3,49630.0,9.0
2011-08-16,18.65,18.65,17.8,17.8,18.15,70490.0,12.9
2011-08-17,17.8,18.0,16.75,17.4,17.2,50137.0,8.64
2011-08-18,17.0,18.15,16.85,17.2,17.35,165217.0,29.27
2011-08-19,17.0,17.75,16.7,17.0,16.85,101284.0,17.36
2011-08-22,17.0,17.75,16.5,16.9,16.9,71229.0,12.27
2011-08-23,17.65,17.65,16.7,16.8,16.8,30768.0,5.21
2011-08-24,16.6,17.2,16.6,17.1,17.05,21205.0,3.61
2011-08-25,16.45,17.2,16.45,16.8,16.75,31487.0,5.28
2011-08-26,16.75,16.9,16.2,16.4,16.4,28538.0,4.69
2011-08-29,16.45,16.8,16.05,16.4,16.35,57099.0,9.4
2011-08-30,16.5,17.05,16.5,16.65,16.6,57082.0,9.56
2011-09-02,17.0,17.0,16.5,16.75,16.7,26972.0,4.49
2011-09-05,16.5,18.0,16.35,17.25,17.45,377342.0,66.41
2011-09-06,17.9,18.1,17.35,17.35,17.45,83013.0,14.72
2011-09-07,17.65,17.75,17.1,17.6,17.55,47193.0,8.28
2011-09-08,17.6,18.15,17.25,17.75,17.75,100984.0,17.91
2011-09-09,18.4,18.4,17.4,17.7,17.55,55265.0,9.82
2011-09-12,17.4,17.55,16.9,17.0,16.95,29330.0,5.03
2011-09-13,17.45,17.45,16.9,16.9,17.0,53066.0,9.06
2011-09-14,16.7,17.3,16.5,16.7,16.8,22545.0,3.81
2011-09-15,17.1,17.1,16.55,17.0,17.0,19182.0,3.21
2011-09-16,17.4,17.4,16.8,17.2,17.0,34649.0,5.89
2011-09-19,17.0,17.3,17.0,17.1,17.05,11315.0,1.93
2011-09-20,17.35,17.35,17.05,17.3,17.25,27181.0,4.67
2011-09-21,17.0,17.75,17.0,17.6,17.65,26011.0,4.53
2011-09-22,17.5,17.85,17.25,17.5,17.45,87721.0,15.38
2011-09-23,16.5,17.0,15.25,16.85,16.85,33219.0,5.52
2011-09-26,16.55,17.2,16.2,16.6,16.45,36877.0,6.09
2011-09-27,16.35,16.9,16.35,16.8,16.7,16560.0,2.77
2011-09-28,16.75,16.95,16.3,16.6,16.7,17258.0,2.86
2011-09-29,16.4,16.8,16.2,16.55,16.45,13334.0,2.19
2011-09-30,16.6,16.8,16.25,16.5,16.4,15600.0,2.56
2011-10-03,16.3,16.6,15.5,16.3,16.3,18632.0,3.03
2011-10-04,16.35,17.7,16.35,16.55,16.7,70838.0,11.81
2011-10-05,16.7,16.9,15.7,15.9,15.85,86587.0,13.87
2011-10-07,16.0,16.3,15.75,16.0,15.9,15075.0,2.41
2011-10-10,16.4,16.4,15.5,16.0,16.0,16520.0,2.64
2011-10-11,16.0,16.3,15.65,15.85,15.9,25090.0,4.02
2011-10-12,16.2,16.2,15.85,16.1,16.1,14004.0,2.24
2011-10-13,16.0,17.0,16.0,16.4,16.5,44177.0,7.31
2011-10-14,16.1,16.5,16.0,16.3,16.15,36046.0,5.83
2011-10-17,16.5,16.85,15.95,16.85,16.7,57299.0,9.4
2011-10-18,16.25,16.85,16.25,16.25,16.35,18176.0,2.99
2011-10-19,16.7,16.7,16.15,16.2,16.2,17091.0,2.79
2011-10-20,16.4,16.4,16.0,16.3,16.25,11915.0,1.92
2011-10-21,16.8,16.8,16.0,16.1,16.0,20203.0,3.24
2011-10-24,16.15,16.5,16.0,16.2,16.15,12988.0,2.11
2011-10-25,16.35,16.35,15.95,16.1,16.05,20408.0,3.29
2011-10-26,16.2,16.45,16.1,16.4,16.3,9591.0,1.56
2011-10-28,16.25,16.9,16.25,16.85,16.7,34631.0,5.72
2011-10-31,16.8,17.15,16.4,17.05,17.05,38173.0,6.46
2011-11-01,16.95,18.0,16.85,16.95,17.1,157229.0,27.57
2011-11-02,17.0,17.0,16.3,16.85,16.7,35979.0,6.0
2011-11-03,16.5,16.75,16.3,16.3,16.35,37581.0,6.2
2011-11-04,16.6,16.6,16.1,16.45,16.3,44639.0,7.28
2011-11-08,16.3,16.45,16.15,16.2,16.25,15898.0,2.59
2011-11-09,16.4,16.6,16.0,16.25,16.2,32206.0,5.23
2011-11-11,16.0,16.3,15.75,15.95,15.95,37915.0,6.04
2011-11-14,15.95,16.4,15.85,15.95,15.95,36736.0,5.87
2011-11-15,16.0,16.45,15.85,16.05,16.0,40969.0,6.58
2011-11-16,15.45,15.9,15.1,15.35,15.2,33295.0,5.15
2011-11-17,14.55,15.5,14.55,15.45,15.4,48591.0,7.43
2011-11-18,15.05,15.3,14.5,14.6,14.7,29253.0,4.31
2011-11-21,14.9,14.9,14.5,14.7,14.7,18767.0,2.76
2011-11-22,14.8,15.2,14.75,14.8,14.8,21475.0,3.2
2011-11-23,14.75,14.85,14.2,14.65,14.55,31867.0,4.64
2011-11-24,14.6,14.8,13.8,14.3,14.3,27272.0,3.87
2011-11-25,14.0,14.45,14.0,14.35,14.3,30041.0,4.29
2011-11-28,14.3,15.2,14.2,15.15,14.85,26401.0,3.89
2011-11-29,15.0,15.35,14.85,14.85,14.9,25787.0,3.87
2011-11-30,14.85,15.05,14.7,15.05,14.8,20242.0,2.99
2011-12-01,15.2,15.3,14.8,14.85,14.9,17701.0,2.66
2011-12-02,14.7,16.8,14.7,14.9,14.95,20742.0,3.13
2011-12-05,15.4,15.4,14.75,14.9,14.95,20885.0,3.11
2011-12-07,14.85,15.0,14.75,14.8,14.8,168045.0,25.04
2011-12-08,14.65,15.75,14.5,14.55,14.7,528500.0,80.18
2011-12-09,14.8,15.0,14.05,14.25,14.2,131136.0,19.04
2011-12-12,14.4,14.5,13.85,14.0,13.95,68868.0,9.68
2011-12-13,14.0,14.0,13.55,13.9,13.8,36079.0,4.97
2011-12-14,14.0,14.0,13.3,13.35,13.35,31128.0,4.22
2011-12-15,13.15,13.25,12.6,13.0,13.05,61360.0,7.95
2011-12-16,13.25,13.75,13.1,13.1,13.1,46724.0,6.2
2011-12-19,11.1,13.85,11.1,13.2,13.45,153569.0,20.29
2011-12-20,13.2,13.55,12.8,13.1,12.95,39735.0,5.23
2011-12-21,13.9,13.9,13.0,13.05,13.15,26075.0,3.43
2011-12-22,13.1,13.15,12.75,12.8,13.0,44449.0,5.77
2011-12-23,13.25,13.25,12.75,12.75,12.85,21142.0,2.73
2011-12-26,12.8,13.0,12.0,12.3,12.5,99337.0,12.42
2011-12-27,12.6,12.85,11.6,12.0,12.0,81038.0,9.77
2011-12-28,12.3,12.3,11.7,11.7,11.85,28683.0,3.43
2011-12-29,11.9,11.95,11.45,11.8,11.7,31956.0,3.74
2011-12-30,11.7,12.0,11.35,11.75,11.8,31776.0,3.72
2012-01-02,11.75,12.0,11.45,11.6,11.6,37536.0,4.35
2012-01-03,11.6,12.2,11.6,12.05,12.05,37908.0,4.53
2012-01-04,12.05,12.2,11.85,11.9,11.95,44530.0,5.34
2012-01-05,11.8,12.2,11.45,11.85,11.9,29300.0,3.53
2012-01-06,11.9,12.25,11.75,12.2,12.1,26137.0,3.14
2012-01-07,12.3,12.7,12.05,12.65,12.45,2942.0,0.36
2012-01-09,12.75,12.75,12.2,12.7,12.65,51178.0,6.41
2012-01-10,13.0,13.75,12.75,13.5,13.6,78767.0,10.46
2012-01-11,13.85,14.3,13.8,14.15,14.1,64035.0,9.0
2012-01-12,13.8,14.15,13.6,13.65,13.65,41072.0,5.65
2012-01-13,13.7,15.2,13.7,14.35,14.5,106496.0,15.3
2012-01-16,14.1,14.55,13.85,14.3,14.35,33756.0,4.8
2012-01-17,14.65,14.75,13.85,14.0,14.0,94494.0,13.36
2012-01-18,14.0,14.3,13.7,13.75,13.8,53768.0,7.49
2012-01-19,13.85,14.25,13.7,14.0,14.0,41285.0,5.78
2012-01-20,14.05,14.15,13.85,14.0,14.0,21068.0,2.95
2012-01-23,13.8,14.1,13.5,13.85,13.95,30305.0,4.23
2012-01-24,13.9,14.5,13.9,14.3,14.25,68278.0,9.69
2012-01-25,14.3,15.2,14.0,14.9,14.9,129650.0,19.03
2012-01-27,15.0,15.35,15.0,15.25,15.15,59479.0,9.02
2012-01-30,15.4,17.15,14.75,16.1,16.0,424014.0,68.9
2012-01-31,16.0,16.9,15.7,15.7,15.85,155142.0,25.07
2012-02-01,16.3,16.3,15.6,15.7,15.75,173152.0,27.44
2012-02-02,15.9,16.1,15.25,15.5,15.4,70106.0,10.89
2012-02-03,15.3,15.55,15.0,15.3,15.35,79597.0,12.18
2012-02-06,15.9,16.0,15.5,15.8,15.7,48426.0,7.63
2012-02-07,15.95,18.2,15.6,16.4,16.3,906577.0,155.62
2012-02-08,17.0,17.15,16.2,16.4,16.4,222507.0,36.99
2012-02-09,16.4,17.1,16.05,16.35,16.45,202238.0,33.5
2012-02-10,16.5,16.75,16.0,16.05,16.05,107278.0,17.49
2012-02-13,16.15,16.8,15.9,16.05,16.1,80474.0,13.08
2012-02-14,16.05,16.25,15.9,16.0,16.05,89860.0,14.4
2012-02-15,16.35,16.65,16.15,16.15,16.2,130488.0,21.33
2012-02-16,16.2,16.35,16.0,16.15,16.15,69133.0,11.15
2012-02-17,16.3,17.1,16.15,16.15,16.2,126368.0,20.96
2012-02-21,16.25,16.4,16.1,16.2,16.15,53560.0,8.69
2012-02-22,16.3,16.4,15.25,15.45,15.5,112985.0,18.01
2012-02-23,15.4,15.45,15.0,15.15,15.0,51460.0,7.8
2012-02-24,15.15,15.75,15.05,15.05,15.1,62073.0,9.56
2012-02-27,15.1,15.2,14.45,14.5,14.5,72705.0,10.67
2012-02-28,14.85,14.9,14.1,14.65,14.6,57855.0,8.46
2012-02-29,14.75,15.3,14.7,14.9,14.85,49831.0,7.47
2012-03-01,14.7,14.95,14.35,14.6,14.7,20414.0,3.0
2012-03-02,15.1,15.1,14.55,14.8,14.8,26150.0,3.87
2012-03-03,14.55,14.85,14.5,14.8,14.7,20870.0,3.06
2012-03-05,15.0,15.0,14.3,14.3,14.4,24307.0,3.53
2012-03-06,14.3,14.65,14.05,14.3,14.3,61366.0,8.86
2012-03-07,14.05,14.4,14.0,14.2,14.2,26191.0,3.71
2012-03-09,14.6,14.7,14.3,14.5,14.45,28521.0,4.12
2012-03-12,14.4,14.7,14.25,14.35,14.45,33373.0,4.81
2012-03-13,14.65,14.8,14.35,14.7,14.55,88071.0,12.82
2012-03-14,14.6,14.85,14.4,14.4,14.45,27679.0,4.02
2012-03-15,14.35,14.5,14.25,14.5,14.35,25873.0,3.7
2012-03-16,14.8,14.8,14.25,14.25,14.25,30476.0,4.37
2012-03-19,11.7,14.25,11.7,13.95,13.95,42491.0,5.92
2012-03-20,14.2,14.2,13.5,14.1,14.0,59753.0,8.3
2012-03-21,14.5,14.5,13.9,14.1,14.15,37253.0,5.25
2012-03-22,14.8,14.8,13.85,13.85,13.9,34560.0,4.83
2012-03-23,14.3,14.3,13.55,13.9,13.9,11728.0,1.63
2012-03-26,14.2,14.2,13.65,13.7,13.7,52991.0,7.31
2012-03-27,13.85,13.9,13.5,13.75,13.55,43274.0,5.9
2012-03-28,13.65,13.65,13.2,13.25,13.25,53070.0,7.08
2012-03-29,13.5,13.7,13.2,13.55,13.6,22360.0,3.0
2012-03-30,13.5,14.05,13.5,13.7,13.75,34104.0,4.71
2012-04-02,14.1,14.1,13.45,13.65,13.65,46726.0,6.35
2012-04-03,13.65,15.7,13.65,14.95,14.9,510588.0,76.44
2012-04-04,15.25,15.4,14.9,15.1,14.95,96454.0,14.57
2012-04-09,15.05,15.05,14.5,14.7,14.8,31019.0,4.58
2012-04-10,14.5,14.8,14.5,14.6,14.65,17852.0,2.61
2012-04-11,15.15,15.65,14.55,15.5,15.2,74857.0,11.33
2012-04-12,15.15,16.2,15.15,15.6,15.6,219528.0,34.62
2012-04-13,15.8,16.05,15.4,15.7,15.6,136401.0,21.4
2012-04-16,15.8,15.8,14.9,15.2,15.15,58124.0,8.78
2012-04-17,15.8,15.8,15.0,15.35,15.45,39972.0,6.09
2012-04-18,15.6,15.6,15.0,15.1,15.05,15294.0,2.33
2012-04-19,14.9,15.3,14.9,15.2,15.1,24581.0,3.71
2012-04-20,15.05,15.3,14.95,14.95,14.95,23045.0,3.46
2012-04-23,15.1,15.2,14.5,14.5,14.6,33970.0,5.06
2012-04-24,14.55,14.9,14.25,14.55,14.45,53013.0,7.65
2012-04-25,14.8,14.9,13.9,14.0,14.05,43039.0,6.17
2012-04-26,14.1,14.35,13.85,14.3,14.0,22745.0,3.19
2012-04-27,14.0,15.0,13.75,14.8,14.6,63544.0,9.05
2012-04-28,14.85,14.95,14.55,14.95,14.8,2436.0,0.36
2012-04-30,14.55,16.5,14.55,15.85,15.85,205259.0,32.68
2012-05-02,16.25,16.25,15.3,15.5,15.5,208867.0,32.59
2012-05-03,15.4,15.75,15.1,15.75,15.55,39998.0,6.17
2012-05-04,15.3,17.15,15.3,16.3,15.9,1329305.0,215.72
2012-05-07,16.1,17.0,15.7,16.8,16.75,545109.0,90.87
2012-05-08,17.25,17.25,16.05,16.2,16.1,157301.0,26.0
2012-05-09,16.3,16.4,15.95,16.2,16.2,120697.0,19.42
2012-05-10,16.1,16.6,15.7,15.75,15.8,135682.0,21.55
2012-05-11,15.8,15.95,15.25,15.3,15.3,50578.0,7.82
2012-05-14,15.3,15.4,14.95,15.0,14.95,58661.0,8.81
2012-05-15,15.1,15.8,14.85,15.5,15.25,34827.0,5.25
2012-05-16,14.85,15.8,14.6,15.1,15.2,82260.0,12.6
2012-05-17,15.2,15.45,14.9,14.9,14.9,36585.0,5.53
2012-05-18,15.0,15.1,14.5,14.6,14.7,45304.0,6.66
2012-05-21,14.85,15.2,14.75,14.85,14.8,31785.0,4.76
2012-05-22,14.9,16.25,14.75,15.15,15.0,309760.0,48.21
2012-05-23,15.25,15.9,15.05,15.15,15.1,73589.0,11.24
2012-05-24,15.4,15.4,15.0,15.2,15.25,54122.0,8.2
2012-05-25,15.05,15.45,15.05,15.15,15.2,24576.0,3.74
2012-05-28,15.1,16.15,15.0,15.7,15.5,160827.0,25.07
2012-05-29,15.3,15.65,15.2,15.25,15.25,40708.0,6.25
2012-05-30,15.25,15.3,14.8,15.0,14.95,39438.0,5.94
2012-05-31,14.9,15.0,14.75,14.9,14.9,22854.0,3.39
2012-06-01,14.5,15.2,14.5,14.75,14.7,32549.0,4.8
2012-06-04,14.7,15.5,14.55,15.05,14.9,39149.0,5.84
2012-06-05,15.35,15.35,14.75,14.85,14.9,21766.0,3.26
2012-06-06,14.95,15.9,14.9,15.5,15.5,281195.0,43.6
2012-06-07,15.75,15.75,15.1,15.2,15.2,62979.0,9.59
2012-06-08,15.2,15.35,14.95,15.15,15.1,34049.0,5.15
2012-06-11,15.05,15.45,15.0,15.0,15.05,46469.0,7.07
2012-06-12,14.9,15.15,14.8,14.8,14.9,45718.0,6.83
2012-06-13,14.95,15.15,14.9,14.95,14.95,21191.0,3.18
2012-06-14,15.2,15.2,14.75,14.8,14.75,26795.0,3.99
2012-06-15,14.75,14.9,14.65,14.8,14.75,27435.0,4.05
2012-06-18,15.15,15.15,14.6,14.75,14.7,38094.0,5.63
2012-06-19,14.65,14.8,14.5,14.65,14.65,35952.0,5.25
2012-06-20,14.7,15.35,14.55,14.9,15.1,80005.0,11.97
2012-06-21,14.95,15.1,14.7,14.95,15.0,41865.0,6.21
2012-06-22,15.15,15.15,14.8,14.85,14.85,27478.0,4.09
2012-06-25,15.1,15.2,14.7,14.85,14.75,53101.0,7.97
2012-06-26,14.65,14.95,14.5,14.7,14.65,61574.0,9.06
2012-06-27,14.7,14.95,14.7,14.8,14.75,15324.0,2.27
2012-06-28,14.9,15.05,14.75,15.05,14.9,24658.0,3.66
2012-06-29,15.1,15.55,14.95,15.05,15.1,99116.0,15.06
2012-07-02,15.05,15.45,14.9,14.9,15.05,80869.0,12.27
2012-07-03,15.0,15.85,15.0,15.7,15.65,136722.0,21.26
2012-07-04,15.6,16.8,15.6,16.2,16.2,202543.0,33.11
2012-07-05,16.5,16.6,15.85,16.15,16.0,92700.0,14.9
2012-07-06,16.0,16.3,15.8,15.9,16.0,57905.0,9.27
2012-07-09,16.5,16.5,15.45,15.85,15.8,42162.0,6.65
2012-07-10,15.9,16.2,15.6,15.75,15.75,49467.0,7.83
2012-07-11,16.0,16.0,15.55,15.85,15.85,52766.0,8.33
2012-07-12,15.6,16.2,15.4,15.65,15.6,70786.0,11.1
2012-07-13,15.5,16.0,15.5,15.7,15.65,80080.0,12.63
2012-07-16,15.7,15.85,15.2,15.2,15.25,63781.0,9.92
2012-07-17,15.15,15.5,15.1,15.15,15.1,34709.0,5.29
2012-07-18,15.4,15.4,14.8,15.15,15.15,45322.0,6.84
2012-07-19,15.2,15.5,15.2,15.3,15.3,24545.0,3.77
2012-07-20,15.2,15.35,15.0,15.25,15.25,15812.0,2.41
2012-07-23,15.05,15.4,14.85,15.05,15.0,19153.0,2.9
2012-07-24,15.45,15.6,15.05,15.1,15.1,32687.0,4.98
2012-07-25,15.05,15.25,14.8,14.85,14.9,11708.0,1.75
2012-07-26,14.85,15.05,14.5,14.5,14.5,31985.0,4.68
2012-07-27,14.9,14.9,14.5,14.55,14.55,34809.0,5.09
2012-07-30,14.6,15.05,14.6,14.7,14.75,39460.0,5.87
2012-07-31,14.9,14.95,14.65,14.9,14.8,38297.0,5.65
2012-08-01,14.8,15.3,14.8,15.2,15.2,35218.0,5.34
2012-08-02,15.1,16.6,15.0,16.0,16.0,254341.0,41.01
2012-08-03,16.15,16.9,15.5,16.4,16.25,172552.0,28.32
2012-08-06,16.25,16.85,16.1,16.5,16.4,94723.0,15.62
2012-08-07,16.5,16.55,16.1,16.4,16.4,58590.0,9.58
2012-08-08,16.45,16.6,15.15,15.3,15.3,165674.0,26.39
2012-08-09,15.2,17.2,15.15,16.35,16.2,1316013.0,217.15
2012-08-10,16.25,16.35,15.45,16.0,16.1,455209.0,72.51
2012-08-13,16.0,16.9,15.7,16.85,16.65,192970.0,31.42
2012-08-14,16.55,18.9,16.55,18.45,18.25,1234577.0,223.25
2012-08-16,18.7,19.45,18.25,18.55,18.6,1261895.0,235.85
2012-08-17,18.8,19.0,18.3,18.5,18.45,560316.0,104.67
2012-08-21,18.75,18.75,18.0,18.5,18.4,214134.0,39.42
2012-08-22,18.5,18.55,17.75,18.05,17.95,224155.0,40.46
2012-08-23,17.95,21.5,17.75,21.5,21.5,2867441.0,592.85
2012-08-24,21.9,25.25,21.5,23.7,23.6,3769072.0,906.14
2012-08-27,23.4,24.85,21.75,22.6,22.5,1387866.0,318.6
2012-08-28,22.45,23.75,21.4,22.05,22.05,840421.0,188.42
2012-08-29,22.4,23.75,22.1,22.75,22.75,537246.0,123.71
2012-08-30,22.8,23.2,21.35,22.85,22.85,374958.0,85.48
2012-08-31,22.9,24.65,22.85,23.6,23.6,1486259.0,353.6
2012-09-03,23.9,24.35,22.95,23.15,23.15,335807.0,79.52
2012-09-04,23.25,23.9,23.0,23.45,23.25,266004.0,62.17
2012-09-05,23.2,23.25,22.1,22.25,22.35,256870.0,58.12
2012-09-06,22.25,22.8,22.15,22.15,22.25,204927.0,45.97
2012-09-07,22.8,23.15,22.3,22.5,22.4,260344.0,59.03
2012-09-08,22.55,22.6,22.25,22.55,22.45,33605.0,7.54
2012-09-10,22.6,22.85,22.1,22.15,22.2,204205.0,45.69
2012-09-11,22.35,26.15,21.6,25.45,25.55,2398579.0,597.99
2012-09-12,25.9,26.25,24.4,24.55,24.65,596839.0,149.96
2012-09-13,24.9,25.0,23.65,23.65,23.85,292106.0,70.74
2012-09-14,24.7,24.7,23.15,23.4,23.3,305747.0,72.66
2012-09-17,23.5,23.7,22.4,22.8,22.9,277543.0,63.64
2012-09-18,22.7,23.4,22.05,22.9,22.85,158124.0,36.33
2012-09-20,22.9,22.9,22.1,22.1,22.25,159392.0,35.67
2012-09-21,22.15,23.8,22.15,23.15,23.25,402142.0,93.94
2012-09-24,23.4,24.6,23.0,23.25,23.4,228847.0,54.64
2012-09-25,23.5,24.1,23.5,23.6,23.6,142735.0,33.89
2012-09-26,23.8,24.5,23.45,23.45,23.65,248616.0,59.61
2012-09-27,23.65,24.0,23.1,23.3,23.2,100131.0,23.52
2012-09-28,23.4,25.15,23.05,23.95,23.8,778648.0,189.16
2012-10-01,24.4,24.4,23.7,23.85,23.9,125539.0,30.11
2012-10-03,23.75,24.2,23.55,23.65,23.7,96252.0,22.97
2012-10-04,23.2,25.3,23.2,24.25,24.25,699020.0,171.89
2012-10-05,24.15,24.45,23.25,23.65,23.5,158842.0,37.76
2012-10-08,23.8,24.7,23.5,23.75,23.85,223760.0,53.69
2012-10-09,23.9,24.35,23.75,24.15,24.0,112360.0,27.05
2012-10-10,23.9,24.2,23.1,23.35,23.25,108979.0,25.64
2012-10-11,23.4,24.1,22.6,23.9,23.8,270045.0,63.54
2012-10-12,23.5,24.0,22.9,23.0,23.1,135448.0,31.74
2012-10-15,23.1,23.85,23.1,23.4,23.45,132461.0,31.3
2012-10-16,23.8,25.2,23.55,24.75,24.5,598301.0,147.01
2012-10-17,24.6,25.1,23.9,24.4,24.3,246778.0,60.37
2012-10-18,24.8,27.25,23.9,27.1,26.8,1832476.0,483.08
2012-10-19,27.0,27.8,25.8,26.4,26.55,898278.0,242.87
2012-10-22,26.9,29.2,26.2,28.8,28.75,1265630.0,355.2
2012-10-23,29.0,29.35,27.6,27.7,27.75,382428.0,108.35
2012-10-25,27.7,27.9,26.8,27.35,27.0,219702.0,59.86
2012-10-26,27.55,27.55,26.0,26.5,26.25,248363.0,66.12
2012-10-29,26.4,26.7,25.5,25.5,25.6,227386.0,59.1
2012-10-30,25.7,26.3,25.35,25.5,25.6,180522.0,46.58
2012-10-31,25.5,26.35,25.35,25.65,25.6,157564.0,40.6
2012-11-01,25.55,27.3,25.55,27.25,26.9,438875.0,117.12
2012-11-02,27.3,27.9,27.0,27.45,27.4,392298.0,107.8
2012-11-05,27.15,28.9,27.15,27.9,27.95,306926.0,86.0
2012-11-06,28.0,28.35,27.6,27.8,27.85,119580.0,33.27
2012-11-07,27.7,28.0,27.3,27.6,27.5,189019.0,52.55
2012-11-08,27.4,28.0,27.3,27.75,27.6,265346.0,73.37
2012-11-09,27.9,27.9,27.25,27.7,27.6,190959.0,52.46
2012-11-12,27.65,28.8,27.3,28.2,28.25,372105.0,105.01
2012-11-13,28.85,28.85,27.75,27.9,28.15,98773.0,27.94
2012-11-15,28.65,33.5,28.5,29.3,29.1,1523651.0,444.39
2012-11-16,29.7,29.8,26.85,27.45,27.3,313278.0,88.78
2012-11-19,27.5,27.9,25.5,26.1,25.8,261906.0,68.85
2012-11-20,26.35,26.45,24.85,25.35,25.2,191747.0,49.14
2012-11-21,25.6,25.85,24.65,25.15,25.25,187079.0,47.15
2012-11-22,25.55,25.8,24.85,25.3,25.15,146311.0,36.95
2012-11-23,25.0,25.8,25.0,25.45,25.4,156552.0,39.83
2012-11-26,25.45,27.45,24.9,26.25,26.15,462518.0,122.45
2012-11-27,26.55,27.2,26.3,26.4,26.45,261572.0,70.05
2012-11-29,26.65,27.3,26.55,26.9,26.9,299253.0,80.61
2012-11-30,27.3,29.55,26.9,29.35,29.25,839578.0,238.15
2012-12-03,29.7,32.8,29.25,32.55,32.4,2110070.0,665.6
2012-12-04,32.6,35.0,32.5,34.15,34.2,1868582.0,636.02
2012-12-05,34.9,34.9,32.3,32.5,32.7,930397.0,307.21
2012-12-06,32.95,33.0,31.65,32.0,31.85,373855.0,120.24
2012-12-07,32.25,33.7,31.6,32.3,32.1,553364.0,181.47
2012-12-10,32.75,32.75,31.45,31.75,31.75,250303.0,79.88
2012-12-11,32.3,32.3,30.45,31.2,31.0,316722.0,99.34
2012-12-12,30.8,33.7,30.8,32.9,33.0,1029187.0,338.91
2012-12-13,33.4,35.25,32.4,32.6,32.85,2010725.0,684.17
2012-12-14,33.5,33.8,31.8,32.0,32.0,387322.0,125.36
2012-12-17,32.25,32.75,31.5,31.6,31.7,172836.0,55.23
2012-12-18,32.25,32.25,31.65,31.75,31.75,185786.0,59.23
2012-12-19,32.25,32.25,30.5,31.05,31.05,357001.0,111.28
2012-12-20,31.35,33.0,30.75,32.1,32.05,1184065.0,381.72
2012-12-21,31.9,32.1,30.85,31.0,31.0,250920.0,78.91
2012-12-24,31.4,31.9,30.85,31.0,30.9,134889.0,42.19
2012-12-26,31.35,31.35,30.7,30.8,30.8,126220.0,39.11
2012-12-27,31.35,31.35,30.05,30.25,30.15,170055.0,51.75
2012-12-28,30.5,31.2,30.05,30.3,30.35,179058.0,54.69
2012-12-31,30.6,31.8,30.1,30.85,30.9,696533.0,217.49
2013-01-01,30.2,32.25,30.2,31.8,31.75,428497.0,135.76
2013-01-02,32.0,32.2,31.1,31.25,31.25,230773.0,72.6
2013-01-03,31.25,31.75,30.8,31.5,31.3,209494.0,65.66
2013-01-04,31.0,33.2,31.0,32.55,32.5,689617.0,224.95
2013-01-07,32.7,33.45,32.1,32.4,32.3,288018.0,94.41
2013-01-08,32.3,32.55,31.5,31.7,31.65,169329.0,53.73
2013-01-09,31.65,32.25,31.0,31.0,31.15,232287.0,73.39
2013-01-10,31.7,31.8,31.05,31.35,31.2,258914.0,81.41
2013-01-11,31.4,31.6,29.9,30.15,30.15,287737.0,88.42
2013-01-14,30.15,30.9,30.15,30.45,30.35,78749.0,23.98
2013-01-15,30.75,30.8,30.1,30.3,30.2,126509.0,38.47
2013-01-16,30.3,30.5,29.7,29.8,29.75,143462.0,43.03
2013-01-17,30.0,30.2,29.2,29.5,29.55,120260.0,35.68
2013-01-18,29.55,29.8,28.4,28.6,28.85,189934.0,55.61
2013-01-21,29.0,29.0,27.85,27.95,28.05,245688.0,69.45
2013-01-22,28.7,28.7,27.3,27.85,27.55,222617.0,62.12
2013-01-23,27.6,27.9,26.05,26.45,26.35,373046.0,99.83
2013-01-24,26.15,26.75,25.05,25.35,25.35,152196.0,39.21
2013-01-25,25.2,26.5,25.05,26.5,26.3,125221.0,32.43
2013-01-28,26.9,27.0,26.3,26.9,26.75,87065.0,23.27
2013-01-29,26.9,28.25,26.5,28.05,27.95,261634.0,72.12
2013-01-30,28.4,28.5,27.3,27.4,27.6,340826.0,95.19
2013-01-31,27.8,27.8,26.7,26.8,26.8,157752.0,42.46
2013-02-01,27.0,27.2,26.25,26.6,26.45,158743.0,42.51
2013-02-04,26.55,27.1,25.75,25.8,25.85,100342.0,26.43
2013-02-05,26.0,26.0,25.05,25.5,25.4,101576.0,25.72
2013-02-06,25.8,26.2,25.6,25.7,25.7,63472.0,16.37
2013-02-07,26.0,26.0,24.9,25.15,25.0,137498.0,34.68
2013-02-08,25.5,25.5,24.8,25.0,24.9,63203.0,15.79
2013-02-11,25.0,25.5,24.9,25.4,25.3,60079.0,15.12
2013-02-12,25.55,27.0,25.0,26.7,26.55,481226.0,125.89
2013-02-13,27.4,27.9,26.45,26.65,26.65,745928.0,203.68
2013-02-14,26.95,26.95,25.1,25.3,25.3,178538.0,46.13
2013-02-15,26.0,26.0,23.4,23.8,23.8,300992.0,72.63
2013-02-18,23.9,24.75,23.9,24.4,24.35,138361.0,33.84
2013-02-19,24.45,25.0,24.35,24.8,24.75,120720.0,29.93
2013-02-20,24.85,25.25,24.8,25.0,25.05,112353.0,28.11
2013-02-21,24.8,25.05,24.3,24.7,24.55,109703.0,27.15
2013-02-22,24.6,24.85,24.4,24.55,24.55,48805.0,12.01
2013-02-25,25.0,25.0,23.55,23.9,23.75,79762.0,19.3
2013-02-26,23.5,24.15,23.1,23.55,23.35,131408.0,30.99
2013-02-27,23.3,23.9,23.25,23.3,23.3,73809.0,17.26
2013-02-28,23.6,23.8,22.05,22.7,22.45,98796.0,22.67
2013-03-01,22.8,23.5,22.15,22.9,23.0,110334.0,25.3
2013-03-04,22.95,23.2,21.95,22.1,22.25,114479.0,25.46
2013-03-05,22.25,22.8,22.2,22.4,22.65,101285.0,22.84
2013-03-06,23.0,23.65,22.7,23.1,23.0,122737.0,28.39
2013-03-07,23.3,24.35,23.0,23.85,23.85,142564.0,33.88
2013-03-08,23.9,24.2,23.45,23.6,23.8,98739.0,23.56
2013-03-11,23.8,24.2,23.4,24.0,23.9,58255.0,13.94
2013-03-12,24.6,25.0,24.0,24.7,24.5,199994.0,48.96
2013-03-13,24.55,24.55,23.7,23.75,23.8,128075.0,30.83
2013-03-14,23.75,25.25,23.4,25.2,25.05,273004.0,66.9
2013-03-15,25.25,26.85,24.8,26.4,26.3,723291.0,187.47
2013-03-18,26.2,26.45,25.2,25.95,25.9,138674.0,35.9
2013-03-19,26.15,26.35,25.05,25.15,25.15,190538.0,48.48
2013-03-20,25.0,25.5,24.9,25.15,25.15,148591.0,37.28
2013-03-21,25.6,25.7,24.05,24.1,24.05,101361.0,25.1
2013-03-22,24.05,24.75,22.35,22.7,22.6,152019.0,34.76
2013-03-25,22.85,23.55,22.4,22.5,22.5,103094.0,23.66
2013-03-26,22.3,23.9,22.3,23.0,22.65,178907.0,41.43
2013-03-28,23.7,23.9,22.3,22.8,23.2,129221.0,29.77
2013-04-01,23.0,23.8,22.1,23.75,23.6,93096.0,21.74
2013-04-02,24.5,26.85,24.25,25.85,25.95,876363.0,227.57
2013-04-03,26.25,26.45,24.95,25.3,25.1,130468.0,33.58
2013-04-04,25.4,25.4,24.1,24.15,24.45,90780.0,22.3
2013-04-05,24.9,25.25,24.5,25.25,24.95,89963.0,22.32
2013-04-08,25.2,26.0,24.95,25.3,25.15,117110.0,29.82
2013-04-09,25.6,25.6,24.75,24.85,24.9,62424.0,15.72
2013-04-10,25.8,25.8,24.8,25.0,25.1,72925.0,18.18
2013-04-11,25.6,26.6,24.75,26.6,26.4,293640.0,75.85
2013-04-12,26.2,28.5,25.95,28.4,28.35,644627.0,179.54
2013-04-15,28.4,29.0,27.5,27.8,27.85,277866.0,78.16
2013-04-16,28.2,28.2,27.0,27.65,27.8,83106.0,23.07
2013-04-17,27.75,30.4,27.1,27.95,27.85,1115592.0,321.5
2013-04-18,28.5,28.8,27.85,28.15,28.1,279251.0,79.02
2013-04-22,28.0,28.9,27.3,27.4,27.5,122703.0,33.87
2013-04-23,27.25,27.65,26.5,26.65,26.75,88798.0,23.9
2013-04-25,26.1,27.5,26.0,26.0,26.15,125077.0,33.03
2013-04-26,26.2,26.5,25.7,25.95,25.8,81237.0,21.08
2013-04-29,25.8,26.5,25.75,26.15,25.9,94353.0,24.54
2013-04-30,27.35,27.35,25.75,25.95,25.85,135236.0,35.2
2013-05-02,25.75,27.0,25.5,26.75,26.8,205800.0,53.86
2013-05-03,26.6,27.35,26.15,26.95,26.95,119497.0,31.96
2013-05-06,26.5,27.7,26.5,27.5,27.45,116583.0,31.9
2013-05-07,27.9,27.9,27.2,27.2,27.45,150862.0,41.5
2013-05-08,27.95,28.15,27.5,27.9,27.85,132953.0,37.06
2013-05-09,27.85,29.65,27.5,28.7,28.8,504308.0,145.97
2013-05-10,29.0,30.8,28.5,29.45,29.4,1333734.0,397.57
2013-05-11,29.95,30.0,29.4,29.6,29.65,117472.0,34.89
2013-05-13,30.0,30.0,29.05,29.5,29.5,218482.0,64.5
2013-05-14,29.75,30.7,27.65,28.0,28.1,660368.0,193.83
2013-05-15,28.35,28.65,27.1,27.35,27.3,306867.0,85.75
2013-05-16,27.35,27.95,26.85,27.2,27.0,119361.0,32.58
2013-05-17,27.25,27.4,26.05,26.4,26.5,166065.0,44.2
2013-05-20,26.4,27.2,26.2,26.75,26.7,98524.0,26.28
2013-05-21,26.2,26.8,25.6,25.85,26.0,116811.0,30.44
2013-05-22,25.95,26.1,25.0,25.1,25.1,126112.0,32.11
2013-05-23,25.0,25.25,24.0,24.3,24.3,131460.0,32.27
2013-05-24,24.05,25.15,24.05,24.6,24.35,97495.0,23.88
2013-05-27,24.5,24.9,24.35,24.6,24.5,50075.0,12.28
2013-05-28,24.55,25.2,24.1,24.25,24.2,156282.0,38.3
2013-05-29,24.2,24.85,24.2,24.55,24.5,135020.0,33.22
2013-05-30,24.85,25.0,24.1,24.2,24.3,161593.0,39.63
2013-05-31,24.45,24.45,22.9,23.1,23.1,169590.0,39.88
2013-06-03,23.2,23.9,22.9,23.3,23.4,96611.0,22.6
2013-06-04,23.0,23.8,23.0,23.65,23.45,69581.0,16.3
2013-06-05,23.6,23.95,23.2,23.7,23.7,47074.0,11.16
2013-06-06,23.25,23.95,23.25,23.7,23.75,50762.0,12.05
2013-06-07,23.9,24.2,23.6,23.6,23.65,64053.0,15.34
2013-06-10,24.0,24.15,23.45,23.55,23.55,66263.0,15.73
2013-06-11,23.35,23.9,22.3,23.05,23.0,108439.0,24.74
2013-06-12,23.05,23.05,22.5,22.8,22.7,64600.0,14.67
2013-06-13,22.8,23.2,22.25,22.25,22.35,55048.0,12.45
2013-06-14,22.15,22.9,22.15,22.7,22.6,51014.0,11.54
2013-06-17,23.75,23.75,22.65,22.95,23.0,35627.0,8.15
2013-06-18,23.2,23.9,22.8,23.8,23.55,94979.0,22.19
2013-06-19,23.25,23.85,23.25,23.5,23.45,46098.0,10.89
2013-06-20,23.2,23.75,22.25,23.5,23.5,96006.0,22.17
2013-06-21,23.5,25.4,23.05,25.4,25.05,292491.0,71.78
2013-06-24,25.05,25.45,23.5,24.0,23.8,128870.0,31.45
2013-06-25,24.7,24.7,23.1,23.6,23.5,71389.0,16.78
2013-06-26,24.0,24.0,23.15,23.25,23.25,47625.0,11.12
2013-06-27,24.3,24.3,22.7,23.35,23.3,76538.0,17.7
2013-06-28,23.8,25.65,23.45,24.55,24.75,481243.0,119.2
2013-07-01,24.75,25.35,24.4,24.5,24.6,96097.0,23.85
2013-07-02,24.0,24.75,23.7,23.7,23.85,78370.0,18.89
2013-07-03,23.75,24.15,23.15,23.15,23.25,62100.0,14.57
2013-07-04,23.75,24.1,23.4,23.8,23.75,94680.0,22.43
2013-07-05,23.8,24.35,23.05,23.7,23.75,73001.0,17.33
2013-07-08,23.8,24.0,23.3,23.95,23.85,36790.0,8.74
2013-07-09,24.0,24.5,23.6,23.95,24.1,52175.0,12.61
2013-07-10,24.0,26.2,24.0,26.1,25.85,344707.0,87.23
2013-07-11,26.7,26.7,25.15,25.5,25.55,616258.0,160.91
2013-07-12,24.7,25.8,24.65,24.65,24.7,107172.0,26.92
2013-07-15,24.25,26.3,24.25,26.0,26.0,166232.0,42.47
2013-07-16,25.8,27.25,25.1,26.4,26.45,286522.0,76.02
2013-07-17,26.0,26.85,25.4,26.0,26.1,137231.0,35.98
2013-07-18,26.3,26.7,26.0,26.15,26.1,58287.0,15.29
2013-07-19,26.1,26.7,25.65,25.65,25.8,57220.0,14.95
2013-07-22,25.35,25.9,25.25,25.3,25.35,52828.0,13.48
2013-07-23,25.55,26.2,25.2,25.7,25.65,115860.0,29.75
2013-07-24,25.55,25.9,24.15,24.6,24.75,92141.0,23.04
2013-07-25,24.65,24.95,24.3,24.5,24.35,49107.0,12.04
2013-07-26,24.5,25.0,23.15,23.75,23.55,112572.0,26.82
2013-07-29,24.95,24.95,23.3,24.0,24.0,56465.0,13.51
2013-07-30,24.05,24.9,23.5,23.55,23.65,84658.0,20.39
2013-07-31,23.55,23.85,22.85,23.0,23.0,85353.0,19.72
2013-08-01,23.6,23.7,22.5,23.2,23.2,64044.0,14.82
2013-08-02,23.35,24.5,22.8,24.5,24.2,157694.0,37.72
2013-08-05,24.1,25.85,24.1,25.85,25.65,159396.0,39.98
2013-08-06,25.6,25.6,23.8,24.0,24.0,274787.0,67.28
2013-08-07,24.15,27.4,24.15,26.6,26.65,279407.0,73.0
2013-08-08,27.0,27.9,26.05,27.15,27.05,476488.0,129.63
2013-08-12,27.0,29.5,27.0,28.75,28.75,533125.0,152.53
2013-08-13,28.75,33.65,27.45,32.95,32.95,2931232.0,927.46
2013-08-14,34.4,34.75,31.15,32.25,32.5,1516544.0,499.07
2013-08-16,32.7,32.7,30.7,31.0,31.05,486029.0,153.37
2013-08-19,30.6,31.4,29.35,30.4,30.4,246678.0,74.62
2013-08-20,30.4,32.9,29.5,32.4,32.1,483491.0,153.72
2013-08-21,32.1,33.75,31.3,31.6,31.55,502578.0,164.28
2013-08-22,31.05,32.75,31.05,32.25,32.15,282311.0,90.87
2013-08-23,32.25,34.7,31.75,33.6,33.45,615300.0,207.91
2013-08-26,33.3,34.7,32.7,33.05,33.05,248672.0,83.85
2013-08-27,33.4,33.8,31.9,33.05,33.35,335926.0,110.0
2013-08-28,32.2,33.2,32.0,32.9,32.85,223780.0,73.12
2013-08-29,32.8,35.45,32.8,34.6,34.6,754454.0,261.3
2013-08-30,35.0,36.7,34.8,36.0,36.25,967319.0,348.5
2013-09-02,36.3,39.7,36.3,39.3,39.35,1487840.0,574.1
2013-09-03,40.05,41.4,37.4,38.1,37.9,803481.0,316.31
2013-09-04,38.1,45.45,38.1,44.7,45.2,3409712.0,1475.37
2013-09-05,46.1,49.95,44.2,46.35,46.65,4569446.0,2155.24
2013-09-06,47.0,47.0,44.3,44.75,44.75,999334.0,453.31
2013-09-10,44.45,46.5,44.35,45.3,45.55,596624.0,273.26
2013-09-11,46.0,46.0,43.8,44.0,44.15,597771.0,266.4
2013-09-12,44.05,44.5,40.5,42.3,42.2,852739.0,359.66
2013-09-13,42.2,43.85,41.6,42.7,42.9,339722.0,145.68
2013-09-16,43.5,43.6,40.3,41.4,41.95,473492.0,198.03
2013-09-17,41.5,45.4,40.7,44.6,44.55,1526875.0,673.73
2013-09-18,44.8,45.5,43.4,43.45,43.85,463022.0,206.64
2013-09-19,44.6,44.8,43.1,43.9,43.6,368900.0,161.01
2013-09-20,43.55,45.85,43.4,43.8,43.85,631759.0,282.14
2013-09-23,43.05,45.4,43.05,43.5,43.6,467455.0,207.57
2013-09-24,43.8,44.6,43.5,43.8,43.75,232272.0,102.15
2013-09-25,44.15,46.0,43.85,45.0,45.3,1305768.0,591.39
2013-09-26,46.0,46.5,44.3,44.7,44.6,396316.0,179.61
2013-09-27,44.85,45.5,43.55,43.55,43.7,237619.0,105.51
2013-09-30,43.4,43.85,41.25,42.55,42.4,379301.0,162.43
2013-10-01,43.0,43.25,41.7,42.65,42.95,241424.0,103.21
2013-10-03,43.45,44.4,42.45,42.9,43.0,432551.0,186.81
2013-10-04,43.3,44.5,42.7,43.5,43.65,455908.0,199.8
2013-10-07,43.9,44.6,43.3,44.25,44.15,259332.0,114.56
2013-10-08,44.7,46.45,44.25,45.6,45.55,708455.0,323.62
2013-10-09,45.55,47.45,45.4,45.75,45.75,1046987.0,485.59
2013-10-10,45.75,46.4,45.35,46.25,45.8,416279.0,190.48
2013-10-11,46.9,47.4,46.0,46.5,46.4,455768.0,211.67
2013-10-14,47.55,51.3,47.5,51.25,50.55,1673906.0,826.32
2013-10-15,51.05,52.8,50.55,52.1,52.3,1826266.0,951.56
2013-10-17,52.9,52.9,50.05,51.5,51.85,713471.0,366.31
2013-10-18,51.2,52.45,51.2,51.7,51.65,312899.0,162.25
2013-10-21,52.0,56.2,52.0,55.75,55.2,1177024.0,637.36
2013-10-22,56.3,57.7,55.0,55.45,55.3,758096.0,426.78
2013-10-23,55.7,56.6,53.0,54.2,54.3,628212.0,342.68
2013-10-24,54.55,55.0,52.6,53.15,53.3,321677.0,172.24
2013-10-25,53.3,55.7,51.95,54.7,54.85,656265.0,354.55
2013-10-28,54.1,56.4,54.1,55.5,55.4,531121.0,295.76
2013-10-29,55.4,56.9,54.0,55.4,55.5,502207.0,279.12
2013-10-30,55.25,55.9,54.0,54.35,54.25,331980.0,181.35
2013-10-31,54.8,55.3,54.0,54.4,54.45,202784.0,110.72
2013-11-01,54.75,56.2,54.0,55.1,55.05,430724.0,237.2
2013-11-03,55.35,56.95,55.35,56.45,56.45,296939.0,167.12
2013-11-05,56.45,59.45,55.8,58.45,58.35,1412252.0,820.84
2013-11-06,59.35,61.0,59.25,61.0,60.6,910680.0,548.44
2013-11-07,61.15,63.9,61.15,61.65,62.15,1165217.0,731.94
2013-11-08,62.7,66.75,61.85,66.5,66.05,1541569.0,997.76
2013-11-11,66.7,78.5,62.25,76.45,76.35,10445429.0,7701.31
2013-11-12,77.7,83.5,77.45,78.7,78.95,7106064.0,5733.71
2013-11-13,78.35,78.35,67.6,67.95,68.5,3966891.0,2833.2
2013-11-14,68.0,72.0,65.9,70.0,70.35,3036992.0,2120.0
2013-11-18,70.1,72.0,67.2,67.8,67.85,1401660.0,963.19
2013-11-19,68.2,76.25,67.8,73.75,73.65,5374007.0,3930.5
2013-11-20,74.3,76.45,72.4,73.1,73.15,1649963.0,1236.3
2013-11-21,73.0,74.9,70.5,71.8,72.05,1514826.0,1104.82
2013-11-22,72.7,75.2,71.7,72.25,72.15,1446561.0,1065.95
2013-11-25,71.5,75.0,71.5,72.0,72.0,709930.0,516.79
2013-11-26,73.0,74.2,70.7,71.45,71.1,1044393.0,757.74
2013-11-27,71.1,71.65,67.5,68.7,68.65,957471.0,659.97
2013-11-28,69.5,71.5,69.0,70.2,70.15,772139.0,543.9
2013-11-29,69.5,71.5,68.0,69.3,69.15,574204.0,402.27
2013-12-02,69.15,70.8,68.7,69.55,69.6,540251.0,376.25
2013-12-03,70.0,73.2,69.2,72.1,71.75,1833513.0,1316.87
2013-12-04,72.1,73.7,70.3,71.5,71.0,1060117.0,767.83
2013-12-05,72.5,72.65,69.5,69.9,69.8,531371.0,375.24
2013-12-06,70.0,70.75,69.2,69.35,69.55,537456.0,375.33
2013-12-09,70.0,71.45,67.8,68.0,68.05,488030.0,335.51
2013-12-10,67.75,69.5,65.85,67.05,67.15,692013.0,466.96
2013-12-11,67.0,67.2,65.45,65.65,65.7,486111.0,321.43
2013-12-12,65.15,68.2,65.0,66.0,66.1,615719.0,410.14
2013-12-13,65.8,70.0,65.65,69.5,69.35,1821702.0,1249.74
2013-12-16,70.2,73.9,69.8,73.75,73.35,1939341.0,1396.68
2013-12-17,74.05,75.3,72.2,72.65,72.55,1360573.0,1005.88
2013-12-18,73.0,76.35,72.15,75.95,75.65,1536785.0,1151.85
2013-12-19,76.35,77.85,74.15,76.0,76.0,1305723.0,997.9
2013-12-20,76.1,79.8,75.3,78.3,78.6,1604954.0,1255.52
2013-12-23,78.2,79.75,76.0,76.0,76.35,802837.0,626.01
2013-12-24,76.95,78.0,75.3,76.9,76.8,849219.0,653.06
2013-12-26,76.95,78.9,76.55,77.25,77.1,637988.0,494.69
2013-12-27,77.5,77.5,75.45,75.7,75.75,573593.0,437.37
2013-12-30,76.0,76.3,74.0,74.35,74.3,377346.0,283.21
2013-12-31,74.05,75.95,71.4,71.75,71.85,892868.0,654.1
2014-01-01,72.2,72.85,71.45,72.3,72.35,420269.0,304.19
2014-01-02,72.75,75.0,70.45,71.8,71.45,789958.0,577.97
2014-01-03,71.8,75.7,71.05,74.05,73.9,1375557.0,1016.17
2014-01-06,74.7,76.7,74.5,76.45,76.05,1003417.0,760.74
2014-01-07,77.0,77.8,75.35,76.1,76.15,687586.0,527.43
2014-01-08,76.8,76.8,74.65,75.45,75.15,328633.0,248.33
2014-01-09,75.65,81.5,74.25,77.7,77.55,3591495.0,2846.1
2014-01-10,78.0,78.35,75.25,75.65,75.6,622317.0,477.87
2014-01-13,75.9,76.5,73.5,74.65,74.4,461137.0,345.41
2014-01-14,74.65,76.7,73.0,75.1,75.25,473871.0,356.57
2014-01-15,75.65,76.4,74.5,75.0,75.25,289404.0,218.18
2014-01-16,75.5,75.9,74.0,74.5,74.5,363052.0,271.5
2014-01-17,74.95,75.2,72.6,73.1,73.25,360696.0,265.27
2014-01-20,73.0,74.25,72.0,73.05,73.25,300884.0,220.2
2014-01-21,73.5,75.3,73.25,74.35,74.5,413970.0,308.06
2014-01-22,74.05,80.25,74.05,78.1,78.3,2629060.0,2064.76
2014-01-23,78.5,80.4,78.1,78.3,78.35,1482331.0,1174.4
2014-01-24,78.25,78.3,74.15,74.95,74.6,766522.0,580.3
2014-01-27,73.75,73.75,67.0,68.45,68.55,1270117.0,894.31
2014-01-28,68.7,72.85,68.7,72.4,72.35,790989.0,566.07
2014-01-29,73.0,74.85,72.75,73.95,73.7,516569.0,381.42
2014-01-30,72.65,74.75,71.55,74.75,74.05,505169.0,369.7
2014-01-31,74.5,78.25,74.5,77.3,77.0,1148011.0,885.41
2014-02-03,77.85,79.8,77.7,79.0,78.7,1069359.0,842.93
2014-02-04,78.95,82.25,74.25,77.85,77.9,5312133.0,4217.39
2014-02-05,78.65,80.65,76.2,76.4,76.55,1205254.0,940.77
2014-02-06,77.3,77.4,74.0,74.95,74.75,776968.0,584.77
2014-02-07,75.0,76.9,74.1,74.7,74.65,591019.0,444.25
2014-02-10,75.0,75.3,73.0,73.25,73.15,447091.0,329.43
2014-02-11,73.0,74.2,71.1,72.0,72.2,561080.0,406.37
2014-02-12,72.0,73.7,71.8,72.7,72.6,452888.0,329.53
2014-02-13,72.0,72.95,71.1,71.5,71.3,339085.0,243.56
2014-02-14,70.6,73.7,70.6,72.4,72.0,898746.0,652.36
2014-02-17,72.15,73.0,71.1,71.4,71.5,308614.0,221.79
2014-02-18,72.0,72.35,71.1,71.35,71.6,261799.0,187.69
2014-02-19,71.65,72.15,71.0,71.4,71.4,245944.0,176.01
2014-02-20,71.85,73.65,71.0,72.25,72.25,570390.0,414.15
2014-02-21,71.8,73.15,71.8,72.05,72.2,283058.0,205.07
2014-02-24,72.15,72.55,71.5,71.8,71.75,251376.0,180.77
2014-02-25,71.8,73.25,71.25,71.6,71.7,308063.0,221.92
2014-02-26,71.6,75.7,71.35,75.5,74.95,1215412.0,899.61
2014-02-28,75.55,76.65,74.95,75.45,75.3,890003.0,675.72
2014-03-03,76.0,76.0,72.9,73.2,73.2,401380.0,297.55
2014-03-04,73.8,76.9,72.3,74.55,74.4,997977.0,748.65
2014-03-05,75.2,75.25,74.2,74.2,74.45,461436.0,344.15
2014-03-06,74.3,75.8,74.3,74.55,74.7,548174.0,411.0
2014-03-07,75.4,75.9,74.0,74.35,74.1,444013.0,330.81
2014-03-10,73.25,74.9,73.1,73.5,73.4,283792.0,209.15
2014-03-11,73.1,74.65,72.75,73.5,73.3,291758.0,214.27
2014-03-12,73.3,73.5,72.1,72.95,72.85,237690.0,173.17
2014-03-13,73.45,74.75,72.55,73.45,73.45,375996.0,276.95
2014-03-14,73.45,73.95,72.6,72.85,72.95,192061.0,140.34
2014-03-18,73.1,73.5,72.55,72.6,72.7,170196.0,124.22
2014-03-19,73.15,73.35,72.1,72.25,72.4,213317.0,155.0
2014-03-20,72.0,73.2,71.55,71.75,71.85,236587.0,171.01
2014-03-21,72.0,72.15,71.25,71.3,71.35,160089.0,114.78
2014-03-22,71.55,71.8,71.1,71.25,71.45,34160.0,24.42
2014-03-24,71.45,72.5,70.2,70.65,70.7,495926.0,354.38
2014-03-25,70.35,72.0,70.35,71.4,71.35,225383.0,161.2
2014-03-26,71.9,73.4,69.75,70.35,70.75,1092912.0,786.09
2014-03-27,71.4,72.9,70.8,71.2,71.0,328923.0,236.0
2014-03-28,71.55,72.2,70.8,71.0,70.95,191418.0,136.44
2014-03-31,71.8,72.5,71.0,71.8,71.95,239924.0,172.25
2014-04-01,71.8,74.35,71.25,73.9,73.75,607761.0,445.21
2014-04-02,74.5,77.6,73.55,76.25,76.2,1282233.0,977.62
2014-04-03,76.2,76.95,74.1,74.5,74.55,289574.0,217.66
2014-04-04,74.8,75.45,73.7,74.75,74.45,241318.0,179.95
2014-04-07,74.15,75.3,73.2,74.7,74.35,198983.0,147.68
2014-04-09,74.75,76.4,74.1,75.25,75.3,354539.0,267.44
2014-04-10,75.9,78.95,75.0,77.25,77.15,1524742.0,1184.86
2014-04-11,77.9,78.95,77.25,77.6,77.6,504698.0,393.81
2014-04-15,78.45,78.45,76.25,77.1,76.75,235073.0,181.73
2014-04-16,75.7,76.95,74.45,74.85,74.65,240111.0,181.15
2014-04-17,74.05,75.8,74.05,75.8,75.15,199390.0,149.28
2014-04-21,75.7,85.35,75.5,84.0,83.95,2224105.0,1817.99
2014-04-22,84.55,88.65,84.55,86.05,85.85,2400300.0,2084.53
2014-04-23,86.65,87.7,85.05,86.25,85.95,939312.0,811.5
2014-04-25,86.0,86.25,83.2,83.75,84.05,613408.0,515.74
2014-04-28,84.9,90.5,84.2,89.85,89.15,1859640.0,1651.63
2014-04-29,90.05,94.25,88.1,92.25,91.65,1935716.0,1777.5
2014-04-30,92.4,94.45,86.15,88.75,88.45,1495925.0,1368.28
2014-05-02,89.0,91.4,88.6,89.4,89.4,604425.0,544.86
2014-05-05,90.0,92.25,88.1,90.6,90.15,605779.0,546.82
2014-05-06,91.0,92.0,90.0,91.5,91.45,545074.0,496.67
2014-05-07,91.8,91.9,87.8,88.6,88.8,514661.0,463.2
2014-05-08,90.45,93.35,88.0,90.7,90.5,959975.0,871.18
2014-05-09,89.65,91.65,89.0,89.8,89.55,461179.0,416.55
2014-05-12,90.35,90.9,86.05,86.15,86.4,461814.0,405.47
2014-05-13,87.5,87.85,85.35,86.1,86.05,486479.0,422.18
2014-05-14,85.35,88.6,85.35,87.5,87.65,437868.0,383.27
2014-05-15,87.2,88.8,84.6,85.0,85.15,368823.0,318.38
2014-05-16,86.0,86.65,83.0,83.3,83.4,393596.0,330.56
2014-05-19,84.1,88.75,84.0,87.3,86.45,960359.0,834.9
2014-05-20,87.55,93.0,87.5,93.0,91.65,1049127.0,947.96
2014-05-21,93.9,96.5,92.5,95.3,94.8,1188060.0,1125.49
2014-05-22,95.7,100.7,87.5,94.0,93.9,6699699.0,6441.39
2014-05-23,95.0,96.55,90.1,90.2,90.5,1608076.0,1492.29
2014-05-26,91.0,91.4,82.5,84.7,84.95,925704.0,806.23
2014-05-27,85.7,86.1,83.3,84.45,84.05,422367.0,357.48
2014-05-28,84.75,89.5,84.1,87.55,87.45,779265.0,680.19
2014-05-29,88.0,88.35,84.25,84.7,84.95,300107.0,259.04
2014-05-30,84.5,87.5,84.1,85.0,85.45,557016.0,478.29
2014-06-02,85.1,88.95,85.1,86.1,86.2,626000.0,544.62
2014-06-03,85.35,87.2,85.1,85.3,85.55,301255.0,259.29
2014-06-04,85.55,93.8,85.1,92.2,92.2,3318701.0,3005.4
2014-06-05,92.4,92.7,89.35,89.8,89.9,735784.0,667.29
2014-06-06,90.1,91.9,89.25,90.3,90.7,617555.0,559.1
2014-06-09,90.55,92.8,90.15,90.5,90.6,482886.0,440.55
2014-06-10,90.5,93.7,89.0,90.7,90.85,1286571.0,1181.8
2014-06-11,91.1,93.7,90.0,90.0,90.55,767010.0,707.14
2014-06-12,90.05,91.05,89.05,89.5,89.45,430183.0,386.73
2014-06-13,89.25,91.9,85.9,86.75,87.05,615191.0,547.29
2014-06-16,87.9,88.65,85.2,87.35,87.05,417678.0,361.74
2014-06-17,87.0,90.5,86.75,89.75,89.9,450795.0,402.74
2014-06-18,90.1,93.4,89.05,89.1,89.7,872126.0,796.99
2014-06-19,90.15,93.2,89.0,89.3,89.7,685147.0,624.62
2014-06-20,89.9,98.6,89.9,97.4,97.5,4515314.0,4304.77
2014-06-23,98.0,100.3,94.9,97.05,97.1,2353791.0,2302.53
2014-06-24,97.0,101.9,96.2,98.7,98.6,1944005.0,1936.52
2014-06-25,98.65,101.5,98.0,99.15,99.05,1014427.0,1012.03
2014-06-26,99.65,101.25,97.0,98.0,97.5,806043.0,798.28
2014-06-27,98.15,99.25,95.15,95.75,95.65,488109.0,472.35
2014-06-30,96.0,98.25,95.65,96.8,96.95,421761.0,409.51
2014-07-01,97.05,99.5,97.05,98.6,98.3,646281.0,637.02
2014-07-02,98.95,101.5,98.5,98.7,98.95,689572.0,688.26
2014-07-03,98.65,110.8,97.4,109.9,109.55,4783656.0,5083.41
2014-07-04,110.5,113.8,107.9,109.05,109.6,2566490.0,2845.12
2014-07-07,109.6,116.2,106.05,114.2,114.2,2379356.0,2657.72
2014-07-08,113.75,118.25,105.5,107.5,107.6,2181267.0,2471.48
2014-07-09,107.8,112.6,103.0,104.45,104.1,1270835.0,1371.58
2014-07-10,104.1,106.2,98.65,102.4,102.85,845382.0,874.29
2014-07-11,102.95,108.9,101.35,102.45,102.55,805078.0,845.12
2014-07-14,102.6,105.8,102.6,104.0,103.5,510538.0,532.18
2014-07-15,104.95,106.75,104.05,105.35,105.6,351874.0,371.28
2014-07-16,106.5,111.15,105.8,110.4,110.25,982090.0,1073.79
2014-07-17,109.5,113.1,109.5,111.7,111.45,495004.0,551.94
2014-07-18,110.75,111.5,109.15,110.0,109.85,353923.0,389.72
2014-07-21,111.0,115.45,110.25,114.05,114.15,888278.0,1007.85
2014-07-22,114.9,117.35,113.55,115.8,115.6,754361.0,872.38
2014-07-23,115.25,116.8,112.65,114.3,114.6,641424.0,735.07
2014-07-24,112.7,112.9,110.7,111.6,111.5,455490.0,509.29
2014-07-25,112.35,112.35,106.8,107.85,108.0,387839.0,421.62
2014-07-28,108.7,108.7,105.0,106.2,105.45,217419.0,231.01
2014-07-30,105.45,113.15,105.45,112.25,112.25,722858.0,795.11
2014-07-31,112.65,119.75,110.65,116.85,116.75,1523887.0,1779.78
2014-08-01,114.85,120.45,113.5,116.2,116.15,1079660.0,1271.71
2014-08-04,116.5,119.8,116.5,118.25,118.0,333493.0,394.65
2014-08-05,118.7,122.5,118.5,121.5,121.45,946648.0,1142.74
2014-08-06,121.9,127.25,121.9,124.35,124.05,1421210.0,1774.31
2014-08-07,125.0,127.5,120.55,123.5,123.4,660082.0,826.01
2014-08-08,123.7,123.85,119.0,120.35,120.1,586801.0,712.16
2014-08-11,122.0,124.65,121.7,123.8,123.65,433378.0,535.0
2014-08-12,124.7,127.2,119.55,120.9,121.5,1899097.0,2356.55
2014-08-13,121.5,122.95,112.1,116.4,116.75,751206.0,882.8
2014-08-14,116.4,120.25,116.0,119.75,119.35,327390.0,388.98
2014-08-18,119.5,123.25,119.3,122.2,122.2,312761.0,381.84
2014-08-19,123.0,124.35,122.0,122.45,122.3,327788.0,402.95
2014-08-20,122.35,132.0,121.2,130.5,129.85,2146335.0,2744.8
2014-08-21,130.75,134.7,129.0,131.85,131.9,1004601.0,1328.19
2014-08-22,132.4,132.95,129.0,132.5,131.65,496533.0,651.96
2014-08-25,132.6,138.75,132.0,137.8,136.8,1140705.0,1554.66
2014-08-26,137.75,146.9,137.5,145.3,144.85,1709963.0,2434.86
2014-08-27,146.9,161.45,146.0,160.6,158.7,2716228.0,4185.34
2014-08-28,160.95,167.0,160.0,164.1,164.1,1817769.0,2979.59
2014-09-01,165.35,165.7,156.6,161.0,160.7,1022048.0,1643.91
2014-09-02,161.0,164.4,159.1,162.0,161.65,580399.0,942.33
2014-09-03,162.0,168.95,157.0,162.15,162.45,2098838.0,3432.83
2014-09-04,163.2,177.5,162.45,177.0,174.3,2913123.0,4950.26
2014-09-05,177.2,209.15,176.0,209.15,209.15,7551460.0,14901.46
2014-09-08,213.9,230.05,212.75,215.8,217.9,4524215.0,10031.7
2014-09-09,216.05,217.0,198.65,199.55,200.7,2073175.0,4265.58
2014-09-10,201.95,210.9,195.2,204.8,204.4,1883181.0,3874.41
2014-09-11,206.1,210.7,205.0,206.7,206.4,923619.0,1915.25
2014-09-12,207.6,208.0,201.3,203.0,202.45,618677.0,1261.09
2014-09-15,200.1,201.45,194.0,195.2,195.65,993303.0,1959.27
2014-09-16,197.35,203.4,180.0,182.2,182.4,1253878.0,2399.68
2014-09-17,183.05,189.0,173.3,175.2,176.05,1816153.0,3267.82
2014-09-18,175.05,193.65,175.05,193.65,193.65,2620963.0,4977.35
2014-09-19,197.8,206.7,197.0,199.7,201.35,1892834.0,3821.2
2014-09-22,199.9,209.4,199.35,205.25,205.05,1338953.0,2753.39
2014-09-23,206.65,207.8,190.1,194.0,193.8,958497.0,1898.51
2014-09-24,195.1,196.4,185.0,188.4,188.25,574796.0,1089.21
2014-09-25,187.25,190.7,169.45,172.0,170.65,932657.0,1651.1
2014-09-26,169.0,187.7,163.05,187.7,185.7,1540068.0,2767.04
2014-09-29,189.0,198.0,185.15,188.75,188.25,1026772.0,1972.94
2014-09-30,188.5,192.3,182.25,183.4,184.85,716296.0,1342.84
2014-10-01,184.8,186.0,180.0,182.25,181.65,583796.0,1065.88
2014-10-07,182.0,186.1,174.7,179.55,179.4,548086.0,993.38
2014-10-08,178.2,185.35,177.0,183.5,183.6,884951.0,1610.12
2014-10-09,185.4,189.8,183.35,187.2,187.85,712446.0,1333.44
2014-10-10,185.85,186.9,181.1,183.3,182.85,467460.0,861.39
2014-10-13,176.0,192.7,176.0,190.6,190.35,1511528.0,2856.09
2014-10-14,191.45,193.6,185.2,186.8,186.7,593094.0,1124.39
2014-10-16,186.5,186.65,178.05,183.0,180.4,577152.0,1053.03
2014-10-17,179.35,185.3,177.6,180.95,181.4,442972.0,805.84
2014-10-20,185.0,186.5,180.6,183.75,182.95,313279.0,575.63
2014-10-21,182.5,185.95,181.75,183.85,183.75,296354.0,544.58
2014-10-22,184.95,190.0,183.1,186.4,186.4,671838.0,1255.74
2014-10-23,188.3,193.85,188.0,193.8,193.05,467655.0,897.17
2014-10-27,195.0,210.6,195.0,209.2,208.45,2525180.0,5180.6
2014-10-28,210.0,215.0,209.0,209.1,209.95,1292852.0,2735.14
2014-10-29,211.0,213.85,208.0,210.35,210.65,662623.0,1395.45
2014-10-30,210.0,214.6,209.95,211.3,211.25,623713.0,1320.81
2014-10-31,211.9,214.15,210.5,213.1,212.85,576720.0,1222.92
2014-11-03,214.8,236.7,214.0,224.25,224.95,3609302.0,8190.92
2014-11-05,226.2,229.7,221.3,224.4,222.9,879744.0,1982.51
2014-11-07,224.0,230.95,217.0,230.0,228.8,1043195.0,2349.45
2014-11-10,231.0,234.75,228.1,231.8,231.95,867578.0,2009.69
2014-11-11,229.6,234.0,228.2,229.35,230.8,650774.0,1506.83
2014-11-12,231.0,231.0,225.0,227.1,227.15,586591.0,1336.32
2014-11-13,226.5,226.5,217.8,218.5,218.8,578836.0,1277.08
2014-11-14,216.0,216.0,208.55,209.5,211.5,1424980.0,3015.23
2014-11-17,183.95,195.95,181.0,190.0,190.3,2228061.0,4229.92
2014-11-18,190.0,207.3,190.0,207.0,203.95,1860277.0,3707.74
2014-11-19,207.5,214.5,201.15,203.55,203.6,1028060.0,2140.56
2014-11-20,202.0,209.95,202.0,205.5,205.35,693505.0,1428.99
2014-11-21,205.5,209.0,202.95,204.6,203.95,517549.0,1066.93
2014-11-24,203.95,206.75,202.15,203.1,203.55,323094.0,660.01
2014-11-25,202.2,203.95,188.0,196.0,191.05,1074989.0,2087.94
2014-11-26,194.0,207.85,194.0,204.9,205.0,1039769.0,2111.17
2014-11-27,205.5,209.85,201.45,203.5,203.0,811299.0,1673.2
2014-11-28,203.5,211.7,203.0,209.3,209.5,1020098.0,2122.63
2014-12-01,207.5,210.4,202.1,203.3,203.15,376835.0,775.1
2014-12-02,202.0,210.8,201.05,209.5,209.0,793595.0,1652.48
2014-12-03,210.45,221.55,210.45,221.55,220.1,1172980.0,2556.4
2014-12-04,224.0,229.0,220.3,227.9,227.9,1418762.0,3198.14
2014-12-05,228.35,228.85,219.2,221.95,221.05,433849.0,968.15
2014-12-08,221.75,223.0,214.7,218.95,218.2,434284.0,948.31
2014-12-09,218.3,218.3,208.1,208.55,209.75,371422.0,786.41
2014-12-10,211.0,214.8,206.0,209.7,209.5,396624.0,834.35
2014-12-11,210.0,214.05,206.5,209.9,210.1,358533.0,754.12
2014-12-12,211.7,224.4,211.0,218.45,218.75,1387612.0,3055.72
2014-12-15,217.95,223.8,216.65,220.5,220.2,551543.0,1217.22
2014-12-16,218.0,229.9,217.0,222.0,221.1,1150601.0,2566.01
2014-12-17,219.35,223.5,199.0,213.0,212.0,680975.0,1439.64
2014-12-18,216.5,221.1,216.5,218.25,217.8,292165.0,638.3
2014-12-19,221.2,222.9,210.1,212.35,211.95,461623.0,993.91
2014-12-22,213.9,217.85,213.1,215.8,215.45,271807.0,585.08
2014-12-23,216.95,216.95,210.5,212.35,211.9,240993.0,513.91
2014-12-24,210.5,215.0,210.5,213.15,212.6,169332.0,361.2
2014-12-26,214.4,214.4,210.55,210.7,211.0,172643.0,365.58
2014-12-29,211.0,214.8,205.95,208.5,207.5,325535.0,685.68
2014-12-30,207.9,217.35,206.0,209.0,209.1,1220910.0,2587.39
2014-12-31,212.7,212.85,210.05,210.25,210.65,431250.0,911.07
2015-01-01,209.15,215.0,209.15,212.1,211.95,486747.0,1032.29
2015-01-02,213.2,215.8,211.2,213.0,212.8,354344.0,756.96
2015-01-05,212.8,217.0,212.1,213.5,213.65,532741.0,1141.87
2015-01-06,212.6,216.0,208.6,210.0,210.85,601402.0,1279.2
2015-01-07,211.0,213.0,209.0,209.1,209.5,239947.0,504.95
2015-01-08,210.0,212.9,210.0,210.15,211.1,193652.0,410.14
2015-01-09,211.3,216.2,211.3,211.5,212.35,336028.0,718.46
2015-01-12,213.8,214.4,209.5,210.05,210.25,233445.0,493.27
2015-01-13,210.7,211.9,206.1,206.9,207.25,316963.0,661.56
2015-01-14,206.6,208.25,201.0,201.25,201.55,325159.0,662.49
2015-01-15,202.0,207.85,202.0,206.25,206.0,230728.0,474.5
2015-01-16,206.0,209.5,205.0,206.0,206.05,266999.0,552.22
2015-01-19,206.45,210.9,206.2,206.2,207.2,207048.0,431.74
2015-01-20,209.9,225.7,209.45,220.85,220.55,2202168.0,4826.39
2015-01-21,222.45,223.0,213.4,214.7,215.0,787342.0,1723.19
2015-01-22,216.4,223.2,215.2,218.6,219.1,549225.0,1206.66
2015-01-23,218.65,221.4,213.05,214.0,214.25,327215.0,707.9
2015-01-27,214.5,219.35,214.4,216.55,216.1,200554.0,433.36
2015-01-28,216.65,218.9,207.55,213.3,214.5,293610.0,632.47
2015-01-29,215.05,217.85,212.7,216.0,216.2,239984.0,517.45
2015-01-30,217.9,224.0,215.9,221.8,221.85,708628.0,1564.19
2015-02-02,225.0,266.2,224.05,262.0,263.1,6476501.0,16347.98
2015-02-03,265.75,265.95,246.25,248.0,248.5,2090213.0,5322.89
2015-02-04,250.65,261.3,244.1,246.45,245.95,1250830.0,3174.83
2015-02-05,246.4,254.5,241.0,243.5,242.35,848229.0,2106.86
2015-02-06,243.8,248.4,233.9,238.45,238.6,753674.0,1810.56
2015-02-09,238.0,243.75,231.0,231.8,232.5,523448.0,1239.05
2015-02-10,232.0,241.75,220.0,224.9,225.35,1164292.0,2692.34
2015-02-11,225.0,228.25,220.0,223.05,223.6,511521.0,1143.58
2015-02-12,224.5,237.0,221.0,235.2,234.7,1013926.0,2339.13
2015-02-13,236.8,245.6,236.45,238.0,237.6,706300.0,1696.64
2015-02-16,238.9,247.9,231.15,242.75,242.35,834620.0,2014.68
2015-02-18,245.6,255.5,241.2,242.35,242.45,1293402.0,3215.76
2015-02-19,244.8,246.75,237.2,237.6,238.0,482218.0,1160.8
2015-02-20,238.85,238.85,232.05,233.75,232.95,408855.0,957.07
2015-02-23,233.95,236.7,227.0,228.25,229.15,340243.0,789.31
2015-02-24,229.15,234.7,225.2,230.95,230.35,447435.0,1027.28
2015-02-25,230.35,233.0,225.0,225.3,225.8,289969.0,661.47
2015-02-26,227.2,227.2,220.5,223.05,222.25,280252.0,626.33
2015-02-27,224.5,226.7,221.4,224.5,224.7,364917.0,816.93
2015-02-28,225.8,229.75,222.0,223.5,224.05,328962.0,741.89
2015-03-02,225.7,233.5,225.05,232.0,231.1,469555.0,1080.05
2015-03-03,233.5,237.4,232.8,235.0,234.75,450667.0,1060.27
2015-03-04,236.95,238.8,229.1,229.1,229.85,403206.0,943.93
2015-03-05,230.8,235.0,227.3,233.5,233.95,402155.0,932.73
2015-03-09,232.5,244.4,230.2,233.7,233.85,961199.0,2279.58
2015-03-10,236.9,254.0,236.5,246.05,246.25,2435737.0,6037.39
2015-03-11,247.6,249.9,242.0,245.1,243.7,601415.0,1476.58
2015-03-12,245.8,264.8,244.1,260.1,261.05,3141341.0,8136.78
2015-03-13,263.0,263.7,247.0,248.55,248.35,1155938.0,2934.75
2015-03-16,249.0,298.0,243.0,298.0,294.85,8306226.0,23067.9
2015-03-17,304.0,322.5,294.55,299.0,301.75,11177793.0,34433.5
2015-03-18,294.0,314.8,289.7,305.85,307.15,4998555.0,15238.48
2015-03-19,309.1,317.6,298.0,299.8,300.0,2183282.0,6747.46
2015-03-20,300.0,303.9,281.6,287.0,284.4,1761572.0,5159.16
2015-03-23,287.8,288.95,272.0,277.75,278.95,1216004.0,3402.92
2015-03-24,276.7,303.7,275.0,297.2,296.9,4461220.0,13175.64
2015-03-25,299.8,311.4,295.55,296.0,297.15,2507474.0,7606.65
2015-03-26,294.8,295.8,284.25,286.75,286.2,1156266.0,3347.71
2015-03-27,290.0,294.4,277.6,285.8,285.5,1274871.0,3637.23
2015-03-30,289.95,295.95,287.1,288.7,289.8,1259981.0,3669.39
2015-03-31,292.65,295.0,285.5,286.5,287.05,1113229.0,3236.35
2015-04-01,288.35,293.9,284.15,287.8,288.85,1223571.0,3532.49
2015-04-06,290.5,303.9,287.6,301.5,301.15,2061892.0,6158.84
2015-04-07,303.05,323.7,303.05,315.6,316.5,3522309.0,11106.38
2015-04-08,318.4,331.4,316.85,327.25,325.6,2571301.0,8371.67
2015-04-09,328.0,334.75,317.75,322.6,323.05,1518530.0,4950.61
2015-04-10,320.1,323.4,316.4,319.25,318.55,692286.0,2207.05
2015-04-13,319.35,331.6,317.0,328.25,327.9,1355674.0,4420.72
2015-04-15,330.7,338.5,325.0,331.0,329.3,1503773.0,5020.73
2015-04-16,331.15,337.0,320.35,324.8,324.8,1080097.0,3543.29
2015-04-17,325.3,329.8,315.55,317.7,318.55,822478.0,2659.82
2015-04-20,318.0,318.55,297.1,302.5,301.9,948691.0,2905.27
2015-04-21,302.6,304.3,292.2,297.95,297.95,579901.0,1731.56
2015-04-22,299.7,307.7,296.0,303.0,300.9,787731.0,2376.09
2015-04-23,305.0,307.0,298.95,301.35,300.2,474588.0,1436.06
2015-04-24,301.75,313.4,294.1,296.7,297.05,2154755.0,6575.27
2015-04-27,297.85,301.65,273.7,274.5,277.25,920092.0,2635.99
2015-04-28,276.1,283.85,265.15,276.0,276.95,932754.0,2578.4
2015-04-29,277.95,284.8,270.0,281.0,281.3,625213.0,1757.23
2015-04-30,282.0,290.5,277.0,281.4,280.8,1013734.0,2874.92
2015-05-04,283.9,293.7,283.9,292.0,291.2,671990.0,1942.76
2015-05-05,292.5,299.2,288.25,292.25,292.2,759257.0,2230.36
2015-05-06,291.8,294.75,279.6,280.0,281.5,616824.0,1768.2
2015-05-07,280.8,281.0,269.3,274.8,274.15,575208.0,1581.15
2015-05-08,282.4,290.8,279.0,283.9,282.5,677267.0,1927.79
2015-05-11,285.45,292.65,284.0,291.65,291.05,539226.0,1561.68
2015-05-12,291.5,292.4,281.45,284.9,283.3,365206.0,1041.93
2015-05-13,284.8,300.9,284.8,295.0,295.05,1570681.0,4623.69
2015-05-14,295.0,305.9,290.0,302.8,302.55,1372007.0,4123.11
2015-05-15,302.8,309.25,301.1,304.0,303.7,624657.0,1908.25
2015-05-18,305.4,310.5,304.35,309.05,308.55,511863.0,1572.91
2015-05-19,307.45,318.8,305.0,316.6,315.4,915381.0,2868.35
2015-05-20,316.3,323.7,312.1,314.0,314.7,706554.0,2247.14
2015-05-21,317.5,317.5,307.0,310.25,310.45,491375.0,1528.3
2015-05-22,312.15,319.5,308.8,310.9,312.1,883471.0,2780.98
2015-05-25,313.05,313.2,298.1,298.5,299.7,638785.0,1949.62
2015-05-26,300.9,300.9,271.05,287.0,286.2,2817862.0,7947.97
2015-05-27,275.0,283.0,266.1,266.9,267.75,1315766.0,3610.17
2015-05-28,267.8,278.75,267.5,274.9,275.3,782683.0,2137.93
2015-05-29,276.0,283.75,274.05,281.8,280.45,1111272.0,3094.28
2015-06-01,281.0,281.95,273.2,275.5,274.55,462685.0,1277.6
2015-06-02,275.9,276.0,267.1,270.0,268.8,489274.0,1326.33
2015-06-03,269.95,272.65,250.0,253.0,255.0,647926.0,1674.53
2015-06-04,257.9,257.95,243.0,246.2,245.7,575286.0,1425.24
2015-06-05,247.5,253.7,241.15,247.45,247.8,641102.0,1593.79
2015-06-08,250.0,251.7,236.0,236.4,237.6,430344.0,1039.08
2015-06-09,237.5,240.8,229.05,235.95,236.9,914641.0,2144.79
2015-06-10,237.75,244.15,237.0,240.6,241.2,426975.0,1031.32
2015-06-11,242.8,245.0,230.1,232.3,232.15,433623.0,1028.59
2015-06-12,231.5,232.55,225.2,231.9,230.75,420782.0,963.82
2015-06-15,235.5,246.7,234.55,243.0,243.15,731764.0,1758.57
2015-06-16,243.0,252.6,238.2,244.2,245.35,1471032.0,3624.22
2015-06-17,247.0,252.7,246.5,249.65,249.35,730274.0,1823.66
2015-06-18,251.0,254.5,248.0,248.7,249.6,427024.0,1073.14
2015-06-19,251.0,252.9,244.1,252.45,250.3,434254.0,1083.39
2015-06-22,251.55,254.0,250.4,252.6,252.85,272212.0,687.55
2015-06-23,254.7,254.7,244.6,245.5,245.85,408719.0,1017.34
2015-06-24,246.6,251.45,243.1,244.0,244.0,420563.0,1040.47
2015-06-25,244.0,244.0,238.5,240.0,240.1,297720.0,716.75
2015-06-26,240.0,240.0,234.1,234.55,235.15,336129.0,794.36
2015-06-29,225.0,229.0,222.1,226.6,226.35,419451.0,946.2
2015-06-30,227.0,238.8,226.1,232.45,233.5,1196561.0,2806.95
2015-07-01,234.95,240.45,234.55,238.0,237.55,488028.0,1161.93
2015-07-02,239.5,243.45,232.25,234.3,233.7,503581.0,1195.46
2015-07-03,235.45,238.5,233.1,234.7,235.05,407611.0,958.12
2015-07-06,232.5,242.25,227.1,240.1,240.1,542240.0,1289.25
2015-07-07,242.5,246.0,239.1,240.05,240.4,474697.0,1152.14
2015-07-08,238.0,241.5,233.0,235.0,235.15,358052.0,848.19
2015-07-09,237.8,239.9,233.0,233.45,234.25,228276.0,538.39
2015-07-10,236.9,239.95,233.45,234.5,235.05,232267.0,548.72
2015-07-13,235.0,255.95,233.15,254.0,252.6,2346788.0,5840.84
2015-07-14,254.5,264.9,252.15,260.4,261.45,1680734.0,4373.15
2015-07-15,263.15,267.7,258.0,264.0,263.75,786786.0,2073.22
2015-07-16,265.0,267.1,263.2,266.0,265.35,353387.0,937.24
2015-07-17,266.0,272.8,265.5,266.6,268.05,794224.0,2140.51
2015-07-20,270.0,277.4,265.0,276.0,275.15,614242.0,1679.53
2015-07-21,276.5,277.4,262.1,263.05,264.3,467899.0,1262.05
2015-07-22,264.3,267.7,261.2,263.7,264.05,323037.0,854.3
2015-07-23,265.95,268.3,260.1,262.05,261.95,340764.0,902.02
2015-07-24,260.0,265.0,248.15,251.5,250.65,393511.0,1010.76
2015-07-27,249.8,254.5,242.1,244.8,243.7,529322.0,1313.53
2015-07-28,245.0,249.45,240.9,241.9,241.75,342411.0,836.49
2015-07-29,242.4,258.0,242.4,256.7,255.3,608737.0,1519.87
2015-07-30,257.8,266.45,256.05,264.0,264.2,619317.0,1623.52
2015-07-31,265.8,266.35,257.5,259.45,260.5,341813.0,892.43
2015-08-03,260.0,263.4,255.1,256.0,256.7,295965.0,765.37
2015-08-04,257.95,257.95,249.25,254.25,254.8,360852.0,917.38
2015-08-05,255.0,261.9,252.0,253.0,253.5,519791.0,1329.99
2015-08-06,255.0,261.0,250.3,255.55,256.15,343675.0,883.67
2015-08-07,257.85,273.1,255.0,268.9,268.85,1310807.0,3501.94
2015-08-10,270.75,274.8,262.0,266.8,265.55,769871.0,2083.56
2015-08-11,266.9,272.0,256.55,260.1,261.05,516110.0,1363.4
2015-08-12,259.0,269.9,253.7,256.7,256.5,553880.0,1447.91
2015-08-13,258.5,264.4,247.2,249.45,249.0,500724.0,1274.75
2015-08-14,251.5,258.5,250.0,255.5,255.2,477631.0,1216.85
2015-08-17,243.0,250.05,240.0,248.5,247.15,829377.0,2039.69
2015-08-18,248.3,254.3,247.05,250.0,249.3,336049.0,841.96
2015-08-19,249.8,256.0,245.0,248.6,249.6,641077.0,1607.54
2015-08-20,251.0,252.95,242.55,244.8,244.4,386629.0,958.51
2015-08-21,241.6,243.25,235.0,239.8,241.25,424120.0,1014.19
2015-08-24,232.0,233.5,217.0,217.55,218.85,578212.0,1304.82
2015-08-25,221.7,226.7,201.1,222.8,221.55,745482.0,1596.07
2015-08-26,221.0,229.7,213.65,215.4,214.85,514888.0,1132.42
2015-08-27,224.0,225.9,215.5,218.0,217.0,443616.0,967.85
2015-08-28,220.7,224.7,216.7,218.8,219.25,367017.0,810.32
2015-08-31,219.6,224.0,216.3,218.9,218.4,398834.0,876.67
2015-09-01,218.0,221.5,209.0,213.0,213.15,313519.0,675.57
2015-09-02,215.9,222.4,212.0,214.95,215.25,612566.0,1333.76
2015-09-03,218.5,221.55,216.2,217.75,217.9,409577.0,895.8
2015-09-04,217.8,217.8,209.05,211.2,211.5,311023.0,660.19
2015-09-07,213.5,215.0,201.5,201.5,203.35,357666.0,737.94
2015-09-08,203.5,205.9,192.5,201.5,202.05,588115.0,1165.53
2015-09-09,206.0,210.8,205.15,206.55,207.05,298175.0,620.33
2015-09-10,203.3,234.4,197.65,231.2,230.8,3789463.0,8500.14
2015-09-11,236.9,241.9,230.05,230.9,232.1,1677181.0,3964.78
2015-09-14,232.0,234.0,226.0,228.5,229.2,429209.0,983.69
2015-09-15,229.45,239.7,228.0,232.0,232.8,1086445.0,2555.13
2015-09-16,235.0,245.0,235.0,243.0,242.35,2044750.0,4956.74
2015-09-18,245.0,250.0,244.4,249.0,248.35,795146.0,1971.87
2015-09-21,246.6,264.4,244.6,262.0,261.65,997827.0,2556.53
2015-09-22,264.0,267.9,254.0,258.5,257.15,834148.0,2186.39
2015-09-23,253.0,265.0,252.05,261.15,260.75,787487.0,2047.89
2015-09-24,260.0,263.7,256.5,257.3,257.6,492696.0,1283.07
2015-09-28,259.0,262.8,251.25,253.75,254.2,448436.0,1157.97
2015-09-29,252.0,259.0,251.7,255.75,254.65,468967.0,1199.86
2015-09-30,258.0,269.2,256.1,268.0,266.7,1088724.0,2885.76
2015-10-01,270.75,292.9,268.1,287.9,286.1,4765867.0,13431.31
2015-10-05,290.3,308.7,290.0,294.0,294.75,2795155.0,8374.9
2015-10-06,296.6,303.3,292.6,296.25,294.9,1220321.0,3636.47
2015-10-07,295.15,298.8,287.0,292.55,292.5,751755.0,2204.72
2015-10-08,293.0,294.2,280.25,281.05,281.85,586052.0,1669.06
2015-10-09,283.9,292.0,279.55,281.9,281.45,985198.0,2819.71
2015-10-12,283.6,283.75,275.95,280.0,279.25,557286.0,1557.93
2015-10-13,279.0,295.9,278.4,290.5,289.35,1677326.0,4855.75
2015-10-14,292.0,295.0,286.5,287.4,288.0,704866.0,2048.25
2015-10-15,290.0,290.8,280.1,281.85,282.05,620561.0,1761.09
2015-10-16,282.9,289.15,279.95,283.45,284.15,654890.0,1863.83
2015-10-19,285.5,288.6,282.05,285.5,285.0,518619.0,1482.3
2015-10-20,286.3,286.75,280.0,283.45,282.35,384064.0,1088.98
2015-10-21,282.9,285.5,278.45,282.0,281.95,391692.0,1104.49
2015-10-23,284.9,293.75,280.75,287.7,287.4,1194719.0,3448.15
2015-10-26,288.95,291.5,285.05,285.9,286.4,516478.0,1487.54
2015-10-27,287.6,290.0,283.4,285.0,285.2,449051.0,1286.67
2015-10-28,285.5,287.2,277.0,279.65,280.85,393505.0,1112.37
2015-10-29,281.5,284.6,276.2,279.05,278.05,309381.0,867.08
2015-10-30,279.25,282.75,267.25,272.2,271.05,413188.0,1138.2
2015-11-02,272.0,272.9,261.5,270.0,270.2,368060.0,981.34
2015-11-03,272.0,279.0,271.25,273.0,274.55,380753.0,1046.05
2015-11-04,275.8,282.0,274.0,274.4,274.95,499148.0,1386.12
2015-11-05,274.8,275.0,264.0,265.0,265.8,287006.0,772.82
2015-11-06,265.9,271.55,260.1,261.5,262.0,382266.0,1010.77
2015-11-09,250.0,266.9,249.3,265.0,264.75,469692.0,1224.1
2015-11-10,265.0,276.8,255.0,269.25,269.0,1362215.0,3639.05
2015-11-11,272.0,277.8,270.0,274.2,274.9,355260.0,974.82
2015-11-13,274.0,274.9,265.2,265.2,267.2,289190.0,778.9
2015-11-16,266.1,270.9,265.0,268.1,267.5,378741.0,1016.62
2015-11-17,270.8,270.8,260.2,264.75,265.4,372227.0,991.83
2015-11-18,266.0,266.4,258.0,259.35,260.4,360515.0,943.16
2015-11-19,262.5,263.65,257.0,258.8,259.25,211640.0,551.08
2015-11-20,259.25,267.65,255.0,261.4,261.65,448045.0,1175.1
2015-11-23,261.65,267.0,261.65,263.0,262.6,332538.0,878.94
2015-11-24,263.6,265.4,259.0,261.0,261.3,253519.0,665.47
2015-11-26,262.0,274.4,260.1,269.0,269.65,960773.0,2584.21
2015-11-27,270.8,272.65,265.0,267.0,266.85,391022.0,1051.04
2015-11-30,268.95,268.95,263.4,265.0,264.45,212263.0,563.43
2015-12-01,264.35,267.7,261.0,262.95,263.4,297850.0,787.65
2015-12-02,263.6,273.0,262.05,266.2,265.75,549060.0,1471.98
2015-12-03,265.75,266.95,262.0,263.0,262.55,239571.0,631.84
2015-12-04,262.0,266.8,260.0,261.0,261.15,301979.0,793.46
2015-12-07,263.35,272.0,262.5,264.9,264.4,755552.0,2017.78
2015-12-08,264.0,264.9,257.7,258.5,259.0,284340.0,743.88
2015-12-09,259.2,261.75,247.6,248.0,248.8,367021.0,931.01
2015-12-10,250.1,252.8,245.0,249.9,250.45,280335.0,697.94
2015-12-11,251.9,263.5,250.05,254.0,255.05,1012688.0,2609.64
2015-12-14,255.0,260.0,252.0,253.0,252.95,328669.0,842.14
2015-12-15,254.3,255.85,252.0,252.05,252.9,236431.0,599.44
2015-12-16,254.3,258.0,250.7,251.95,251.8,267221.0,680.71
2015-12-17,255.0,255.95,251.55,253.9,253.7,254758.0,646.1
2015-12-18,254.5,258.9,253.2,255.6,255.75,376184.0,966.86
2015-12-21,256.8,260.5,256.05,258.4,257.9,300352.0,775.62
2015-12-22,256.0,259.9,255.0,255.1,255.75,182613.0,469.23
2015-12-23,256.2,272.6,256.2,265.5,265.2,1506835.0,4009.14
2015-12-24,267.95,273.3,266.2,267.9,267.5,689365.0,1859.18
2015-12-28,268.0,268.95,261.1,262.5,262.0,258319.0,683.46
2015-12-29,263.8,274.9,228.7,269.35,268.8,1175624.0,3180.39
2015-12-30,270.4,272.8,265.15,268.15,267.25,433331.0,1169.04
2015-12-31,268.45,268.8,265.0,266.0,265.75,189211.0,504.61
2016-01-01,266.0,268.4,263.5,264.0,264.4,207040.0,549.25
2016-01-04,264.4,268.5,259.2,261.45,260.45,266361.0,700.12
2016-01-05,262.4,269.0,257.1,263.35,263.2,513991.0,1361.59
2016-01-06,264.75,268.0,260.0,261.2,261.35,283893.0,751.09
2016-01-07,253.1,259.1,252.0,254.85,253.2,271414.0,693.33
2016-01-08,251.6,258.0,251.6,254.9,254.8,152472.0,389.73
2016-01-11,253.0,254.4,250.0,251.6,251.4,210587.0,530.06
2016-01-12,254.0,255.0,248.0,250.1,249.7,171909.0,431.53
2016-01-13,252.05,253.0,231.4,239.8,239.45,448557.0,1077.72
2016-01-14,231.0,239.0,211.35,232.95,233.45,258877.0,604.24
2016-01-15,235.3,238.0,225.2,225.5,226.35,238777.0,551.72
2016-01-18,225.0,225.0,201.2,203.6,206.45,517287.0,1109.35
2016-01-19,207.6,216.0,207.0,215.65,215.0,308584.0,655.36
2016-01-20,212.0,234.5,206.0,215.5,217.5,1106244.0,2457.21
2016-01-21,221.9,223.8,213.1,218.2,216.95,345338.0,753.61
2016-01-22,221.7,224.7,218.1,221.0,221.3,250771.0,557.1
2016-01-25,224.4,228.0,222.85,223.05,223.55,186072.0,418.93
2016-01-27,225.85,225.95,221.1,221.95,221.9,143288.0,320.22
2016-01-28,222.5,225.05,218.1,219.5,220.1,216073.0,478.79
2016-01-29,222.0,224.75,219.2,220.4,220.7,190232.0,421.96
2016-02-01,223.05,223.9,220.0,220.35,221.4,148823.0,330.27
2016-02-02,222.45,222.9,213.2,214.75,215.45,158118.0,346.09
2016-02-03,211.1,216.05,209.05,209.45,210.1,162502.0,345.37
2016-02-04,213.1,215.9,202.75,205.0,204.35,296249.0,614.08
2016-02-05,206.0,211.5,200.0,211.4,209.75,285661.0,587.03
2016-02-08,210.7,215.5,209.55,214.0,212.75,165842.0,354.15
2016-02-09,212.0,212.0,207.1,208.0,208.45,154063.0,322.1
2016-02-10,208.8,208.8,199.25,200.0,200.35,219314.0,443.6
2016-02-11,200.0,204.0,190.0,194.0,192.8,261726.0,508.49
2016-02-12,192.8,194.0,170.1,171.9,175.65,721396.0,1291.89
2016-02-15,176.55,184.9,165.0,176.0,176.55,1142443.0,1997.34
2016-02-16,179.9,181.0,162.45,164.0,165.35,487967.0,827.8
2016-02-17,165.0,165.0,146.65,152.8,152.95,1132293.0,1728.97
2016-02-18,155.0,161.4,153.0,153.9,154.3,460958.0,722.36
2016-02-19,154.95,161.0,144.3,145.4,146.4,1314397.0,2001.88
2016-02-22,146.0,153.8,146.0,150.6,150.55,723449.0,1089.67
2016-02-23,151.25,152.3,148.5,150.0,149.8,337683.0,506.53
2016-02-24,149.25,151.0,145.6,147.9,146.75,247994.0,366.88
2016-02-25,147.6,153.9,146.35,151.8,151.15,474002.0,716.09
2016-02-26,152.9,153.3,149.5,150.0,150.05,245539.0,369.89
2016-02-29,150.3,154.7,149.05,153.5,153.05,298596.0,453.94
2016-03-01,154.25,183.65,153.45,183.65,182.5,2048771.0,3523.5
2016-03-02,188.0,211.4,184.0,201.95,201.9,3322822.0,6605.36
2016-03-03,203.0,206.3,196.0,202.95,202.7,1287384.0,2603.56
2016-03-04,203.0,204.8,193.75,195.9,196.9,907894.0,1801.29
2016-03-08,196.0,205.0,195.0,198.7,199.45,799253.0,1602.22
2016-03-09,197.9,208.35,196.2,204.95,204.55,1092935.0,2234.41
2016-03-10,205.5,207.3,201.3,202.65,202.55,455994.0,928.52
2016-03-11,202.2,206.95,200.05,200.75,201.35,280874.0,570.02
2016-03-14,202.2,210.9,202.2,205.5,204.85,953430.0,1973.01
2016-03-15,206.65,209.8,204.5,205.55,205.4,551387.0,1142.1
2016-03-16,206.7,206.8,198.4,203.0,204.3,391906.0,793.0
2016-03-17,206.1,207.5,200.05,200.95,201.1,253220.0,514.58
2016-03-18,201.5,203.0,196.7,197.0,198.25,271016.0,538.55
2016-03-21,199.9,199.9,195.3,195.7,196.05,212844.0,419.3
2016-03-22,196.5,202.95,195.0,196.0,197.05,341833.0,679.96
2016-03-23,196.4,197.55,190.0,192.0,192.6,259110.0,504.03
2016-03-28,193.85,198.5,182.95,195.0,195.1,473101.0,914.87
2016-03-29,196.0,199.45,188.2,197.95,197.95,622767.0,1218.92
2016-03-30,198.5,200.4,194.0,194.0,195.0,360140.0,710.85
2016-03-31,195.2,197.05,191.4,192.75,192.65,165055.0,321.06
2016-04-01,193.5,195.5,192.0,193.05,192.75,194210.0,375.52
2016-04-04,192.9,196.2,189.85,190.5,190.25,328682.0,630.15
2016-04-05,190.25,192.8,186.25,187.1,187.0,200266.0,378.93
2016-04-06,190.5,193.8,186.2,191.15,192.0,319091.0,610.41
2016-04-07,192.5,194.4,188.7,192.3,191.95,311232.0,596.99
2016-04-08,190.1,204.4,190.1,204.4,203.0,1297784.0,2601.26
2016-04-11,205.0,210.75,203.0,204.6,204.85,679135.0,1406.81
2016-04-12,205.85,207.3,202.55,202.9,203.3,221279.0,451.72
2016-04-13,205.0,213.9,204.3,209.8,209.75,832540.0,1751.12
2016-04-18,211.0,213.1,206.85,211.65,211.7,411602.0,865.65
2016-04-20,211.7,215.6,211.0,212.0,211.85,315411.0,673.13
2016-04-21,213.0,213.5,204.6,208.3,207.8,267961.0,559.32
2016-04-22,207.0,214.8,205.95,207.9,208.65,233246.0,487.42
2016-04-25,208.9,209.75,205.0,206.1,206.1,157528.0,325.73
2016-04-26,206.0,213.4,205.5,210.75,210.8,379518.0,799.74
2016-04-27,209.85,219.4,207.0,218.1,217.9,897304.0,1941.96
2016-04-28,218.1,221.35,213.0,215.9,214.95,385328.0,838.76
2016-04-29,213.6,217.4,211.25,213.8,213.7,204926.0,440.19
2016-05-02,210.2,214.75,210.2,211.6,211.2,150164.0,318.44
2016-05-03,212.4,215.5,209.05,209.35,210.4,171409.0,364.23
2016-05-04,209.75,211.0,207.0,208.9,208.55,132929.0,277.98
2016-05-05,207.35,210.4,207.1,209.65,208.9,257336.0,537.21
2016-05-06,208.0,213.2,207.05,210.8,210.45,216045.0,455.47
2016-05-09,211.9,214.9,210.3,212.15,213.0,381360.0,813.12
2016-05-10,212.1,216.4,210.5,212.3,213.3,216857.0,464.25
2016-05-11,209.0,211.9,206.0,208.8,208.9,249531.0,523.87
2016-05-12,209.85,214.85,209.85,211.95,211.95,283258.0,603.49
2016-05-13,211.0,211.95,205.75,206.5,206.35,201717.0,420.41
2016-05-16,207.0,211.0,207.0,210.2,209.5,121408.0,254.03
2016-05-17,210.8,213.3,210.15,210.75,211.15,221923.0,469.79
2016-05-18,210.0,210.45,207.55,207.6,208.0,78931.0,164.59
2016-05-19,207.75,209.0,201.6,203.0,203.65,140081.0,288.78
2016-05-20,203.65,209.45,202.5,208.35,207.3,210533.0,435.13
2016-05-23,208.0,214.3,204.1,206.3,206.3,406041.0,853.11
2016-05-24,207.8,210.35,204.6,205.1,205.4,138533.0,286.96
2016-05-25,207.8,208.85,204.4,204.4,205.4,135905.0,281.09
2016-05-26,206.45,209.85,204.6,208.85,209.2,141622.0,294.13
2016-05-27,206.55,227.0,206.55,220.8,221.9,1448349.0,3192.21
2016-05-30,226.7,227.0,217.1,218.1,218.75,388989.0,861.99
2016-05-31,220.75,220.75,214.5,216.5,216.9,176100.0,381.29
2016-06-01,218.0,221.45,215.15,216.0,216.5,157734.0,345.49
2016-06-02,216.0,217.6,214.25,215.7,214.8,87667.0,188.72
2016-06-03,216.75,221.9,212.55,213.35,213.6,485840.0,1058.4
2016-06-06,214.0,217.45,211.25,213.4,213.05,151454.0,324.99
2016-06-07,214.65,217.35,213.45,213.5,213.95,145929.0,313.62
2016-06-08,214.65,214.8,210.25,211.4,210.85,173746.0,367.86
2016-06-09,212.25,213.0,209.4,209.6,210.15,114218.0,240.96
2016-06-10,211.0,212.75,208.0,208.95,209.5,114467.0,240.75
2016-06-13,208.8,208.8,204.95,207.7,207.75,116786.0,241.63
2016-06-14,208.5,213.9,206.55,209.05,209.8,397332.0,840.26
2016-06-15,211.8,212.9,207.55,207.8,208.3,255607.0,538.05
2016-06-16,210.0,211.5,205.0,208.7,208.9,146297.0,305.54
2016-06-17,209.75,210.8,206.05,206.45,206.8,129904.0,269.97
2016-06-20,202.65,207.75,201.2,202.0,202.45,241107.0,491.76
2016-06-21,204.45,206.0,199.5,201.0,200.6,289649.0,587.89
2016-06-22,202.0,203.8,197.45,197.75,198.05,148741.0,298.12
2016-06-23,199.3,202.35,193.5,194.5,194.8,274430.0,538.99
2016-06-24,187.8,192.7,183.05,189.95,188.35,338423.0,637.99
2016-06-27,189.0,204.9,189.0,204.8,203.15,510738.0,1017.49
2016-06-29,204.3,210.5,203.2,207.3,207.0,890243.0,1848.47
2016-06-30,209.65,209.65,205.4,206.6,206.2,230032.0,476.86
2016-07-01,206.5,207.75,205.0,206.6,205.9,168521.0,347.56
2016-07-04,206.45,208.9,205.9,206.35,206.55,166193.0,344.06
2016-07-05,206.45,207.0,203.2,204.65,204.45,198799.0,406.76
2016-07-07,203.75,206.25,199.7,201.65,200.75,192848.0,391.42
2016-07-08,200.25,204.75,200.0,202.3,202.5,256071.0,519.89
2016-07-11,203.15,206.9,203.15,204.4,204.65,210694.0,431.76
2016-07-12,205.7,211.8,204.05,206.0,206.35,765084.0,1593.79
2016-07-13,207.45,208.0,200.1,201.7,202.25,238935.0,486.86
2016-07-14,203.3,203.85,201.2,202.0,202.05,127491.0,257.73
2016-07-15,203.0,203.95,198.75,198.75,199.55,151333.0,303.93
2016-07-18,201.5,201.9,196.25,196.7,197.2,167298.0,332.59
2016-07-19,197.7,199.9,196.25,198.5,198.5,119970.0,237.88
2016-07-20,199.45,207.0,197.0,204.25,204.25,347728.0,704.04
2016-07-21,205.5,221.0,202.2,207.9,207.05,1225638.0,2588.62
2016-07-22,207.4,212.9,207.1,208.9,209.4,373792.0,783.28
2016-07-25,210.4,212.6,207.55,209.0,209.3,231481.0,485.99
2016-07-26,209.3,210.0,202.5,203.45,204.3,193608.0,399.88
2016-07-27,205.0,205.9,201.5,202.0,202.3,140925.0,286.49
2016-07-28,203.1,207.85,203.1,204.6,204.65,226222.0,465.18
2016-07-29,205.2,206.2,202.05,202.2,202.6,168237.0,343.16
2016-08-01,204.25,208.8,199.65,200.5,200.5,456224.0,930.04
2016-08-02,200.8,202.95,198.4,198.7,198.8,147608.0,296.38
2016-08-03,198.8,203.5,197.25,200.7,200.75,273905.0,551.36
2016-08-04,202.75,203.25,198.0,198.5,198.5,176880.0,353.88
2016-08-05,199.25,202.6,198.15,198.9,199.15,207421.0,414.81
2016-08-08,200.0,203.7,199.5,200.0,200.15,237854.0,478.6
2016-08-09,202.0,206.8,200.35,203.45,204.15,422328.0,861.68
2016-08-10,205.0,206.8,200.4,201.0,201.15,274623.0,560.45
2016-08-11,210.0,211.2,204.05,204.8,205.3,1015626.0,2107.63
2016-08-12,206.4,206.8,198.05,199.9,200.15,293630.0,596.07
2016-08-16,201.75,203.5,197.4,198.0,198.65,240698.0,482.8
2016-08-17,199.3,203.4,198.95,200.75,200.75,248652.0,499.3
2016-08-18,201.8,202.4,198.25,198.9,199.65,209657.0,421.35
2016-08-19,200.35,202.35,199.0,199.0,199.2,177495.0,355.4
2016-08-22,199.9,201.5,198.1,198.35,198.45,173996.0,346.66
2016-08-23,198.95,201.0,198.05,198.45,198.9,146817.0,292.57
2016-08-24,198.9,199.8,198.1,198.5,198.35,137601.0,273.5
2016-08-25,199.8,199.85,196.3,196.7,196.75,218653.0,433.77
2016-08-26,197.65,197.85,193.1,194.05,194.3,174198.0,339.71
2016-08-29,194.0,198.0,192.0,193.5,193.9,142882.0,278.29
2016-08-30,194.0,196.95,193.25,193.5,193.9,204024.0,397.56
2016-08-31,194.65,195.5,191.6,191.65,192.1,160903.0,311.18
2016-09-01,192.85,193.0,188.25,189.4,189.3,196453.0,374.76
2016-09-02,189.5,194.4,188.1,192.0,191.7,255337.0,488.26
2016-09-06,192.95,193.7,188.9,189.0,189.5,200769.0,382.95
2016-09-07,190.65,195.0,189.0,191.9,191.9,288819.0,554.04
2016-09-08,192.9,200.7,188.2,195.8,196.05,1006247.0,1982.12
2016-09-09,196.95,204.8,196.2,200.0,198.8,974319.0,1962.26
2016-09-12,192.0,197.4,190.0,193.4,193.5,177443.0,345.42
2016-09-14,193.5,196.65,191.8,192.5,193.0,170049.0,328.75
2016-09-15,194.1,195.0,191.5,193.0,193.4,182074.0,352.61
2016-09-16,194.4,196.45,188.2,189.65,189.3,356546.0,684.51
2016-09-19,190.75,193.3,189.05,190.0,189.75,224352.0,427.93
2016-09-20,190.25,192.8,189.45,190.0,190.15,268980.0,512.59
2016-09-21,191.1,192.75,188.05,188.45,188.8,209091.0,397.67
2016-09-22,190.6,191.5,189.05,189.5,189.55,152678.0,290.0
2016-09-23,189.6,191.5,188.55,188.95,189.0,138276.0,262.44
2016-09-26,189.05,195.75,188.1,190.5,189.6,695885.0,1332.83
2016-09-27,192.0,193.45,189.85,190.2,190.25,289996.0,556.2
2016-09-28,191.6,207.7,190.85,206.8,206.3,2139935.0,4330.74
2016-09-29,208.4,212.0,184.0,191.8,191.05,1316809.0,2641.63
2016-09-30,191.0,203.0,191.0,199.5,200.25,764391.0,1513.68
2016-10-03,202.0,204.75,201.0,202.2,203.2,357352.0,725.63
2016-10-04,204.45,204.45,199.05,200.15,199.95,352887.0,709.16
2016-10-05,200.95,209.8,197.75,207.0,207.15,937498.0,1927.05
2016-10-06,208.25,212.95,202.95,205.5,205.5,682335.0,1425.43
2016-10-07,206.2,206.25,201.2,201.7,202.15,286020.0,580.74
2016-10-10,202.15,207.3,200.95,202.0,202.1,293127.0,597.58
2016-10-13,200.25,201.8,195.05,196.0,196.05,294975.0,583.37
2016-10-14,197.0,199.5,195.5,195.65,196.15,151612.0,298.68
2016-10-17,196.6,199.4,193.15,194.3,194.25,211157.0,413.86
2016-10-18,194.75,204.5,194.75,197.5,197.65,517274.0,1030.12
2016-10-19,201.0,205.45,199.7,202.0,202.7,752001.0,1523.23
2016-10-20,208.0,208.5,200.5,201.1,202.05,614261.0,1257.66
2016-10-21,202.4,202.7,199.0,199.1,199.35,243998.0,488.61
2016-10-24,200.0,204.0,198.5,198.85,199.2,247170.0,496.49
2016-10-25,199.5,200.5,197.1,197.2,197.7,210401.0,417.42
2016-10-26,197.6,197.6,194.5,194.6,194.9,218405.0,427.4
2016-10-27,194.2,195.0,188.8,190.05,190.0,408141.0,778.0
2016-10-28,190.45,194.0,189.7,192.3,191.95,279077.0,535.66
2016-10-30,193.45,194.0,189.3,192.45,191.95,138053.0,264.48
2016-11-01,192.6,194.75,191.0,192.5,192.95,239459.0,462.38
2016-11-02,191.5,191.9,186.85,188.25,188.1,260141.0,492.94
2016-11-03,188.3,189.95,185.0,185.45,185.8,202469.0,380.38
2016-11-04,186.0,186.4,173.0,176.3,174.6,355516.0,634.44
2016-11-07,179.05,181.8,177.0,179.4,179.15,223197.0,400.66
2016-11-08,179.55,181.5,175.05,176.4,176.3,177662.0,315.45
2016-11-09,158.0,184.0,149.0,182.0,180.25,516176.0,887.39
2016-11-10,184.05,188.1,183.4,185.3,185.55,231088.0,428.46
2016-11-11,183.05,184.65,177.0,180.65,179.0,186182.0,337.19
2016-11-15,180.9,184.0,169.0,173.0,171.2,215593.0,371.98
2016-11-16,173.85,176.0,168.65,172.0,170.7,150182.0,257.68
2016-11-17,171.7,174.0,168.0,168.9,168.6,100918.0,171.8
2016-11-18,169.1,171.8,167.4,170.5,170.1,238001.0,402.66
2016-11-21,171.7,172.6,165.0,167.0,166.5,138482.0,231.91
2016-11-22,167.3,171.0,165.25,169.8,169.65,243864.0,410.4
2016-11-23,171.75,177.5,171.0,176.05,176.05,263277.0,458.72
2016-11-24,176.0,181.0,174.0,178.0,178.35,314218.0,562.07
2016-11-25,180.0,181.9,173.75,174.2,175.25,605444.0,1072.37
2016-11-28,177.45,178.25,174.1,174.85,174.85,187687.0,329.6
2016-11-29,175.75,185.7,175.25,182.25,180.9,1332041.0,2416.41
2016-11-30,182.65,184.0,178.6,182.3,181.6,254136.0,460.64
2016-12-01,182.0,185.4,179.0,182.0,182.45,400797.0,733.43
2016-12-02,180.95,183.55,176.5,180.25,180.45,282258.0,509.86
2016-12-05,180.0,182.2,177.2,181.0,179.95,172100.0,308.93
2016-12-06,180.6,185.9,179.5,184.75,184.9,638361.0,1177.32
2016-12-07,186.0,189.6,180.55,181.55,181.6,636020.0,1182.68
2016-12-08,183.45,186.0,181.3,182.0,182.25,249883.0,456.51
2016-12-09,182.5,183.35,178.2,179.4,179.35,194498.0,350.9
2016-12-12,179.3,181.75,178.35,179.7,179.55,105621.0,190.01
2016-12-13,178.75,179.95,176.6,177.25,177.65,105972.0,188.71
2016-12-14,178.1,178.9,175.0,175.2,175.4,137203.0,242.3
2016-12-15,174.4,177.4,173.45,174.0,174.15,119135.0,208.74
2016-12-16,174.8,177.0,173.5,173.9,174.5,174543.0,306.44
2016-12-19,174.5,174.85,172.0,172.0,173.0,96367.0,167.03
2016-12-20,172.65,173.65,169.5,170.45,170.15,124993.0,213.62
2016-12-21,171.0,171.2,168.5,169.5,169.3,153105.0,259.94
2016-12-22,168.95,169.3,165.1,165.5,165.4,116931.0,194.57
2016-12-23,165.0,166.8,161.3,163.3,163.45,168996.0,276.14
2016-12-26,163.45,163.95,159.55,160.65,160.9,133250.0,214.14
2016-12-27,161.0,165.1,158.9,163.85,163.55,182842.0,296.54
2016-12-28,165.45,167.0,164.0,165.0,165.65,88118.0,145.64
2016-12-29,168.0,168.0,164.75,165.5,166.35,72255.0,119.85
2016-12-30,166.5,175.3,166.5,172.1,172.9,291812.0,502.02
2017-01-02,172.9,174.65,171.0,172.6,172.9,92909.0,160.61
2017-01-03,173.0,180.0,171.1,177.0,175.85,478760.0,847.69
2017-01-04,176.05,177.8,173.5,175.0,174.75,118431.0,208.4
2017-01-05,175.0,178.7,175.0,175.8,176.1,128066.0,226.24
2017-01-06,176.45,177.5,172.0,173.75,174.0,103863.0,181.43
2017-01-09,174.5,175.7,171.5,172.25,172.75,141184.0,244.37
2017-01-10,173.0,180.0,173.0,178.25,177.95,268289.0,476.05
2017-01-11,178.4,183.5,178.4,181.4,181.65,408378.0,742.58
2017-01-12,179.8,180.05,176.65,177.5,177.9,162180.0,289.12
2017-01-13,178.0,181.3,174.5,175.6,176.15,109035.0,193.56
2017-01-16,176.05,176.05,172.0,173.0,173.05,104232.0,181.2
2017-01-17,174.7,177.75,172.0,175.2,176.4,140492.0,247.16
2017-01-18,176.0,178.7,175.1,175.7,175.95,136814.0,242.4
2017-01-19,176.45,176.75,174.25,175.5,175.4,91468.0,160.23
2017-01-20,173.3,174.95,170.3,171.0,171.05,169664.0,292.5
2017-01-23,171.2,177.8,171.05,172.45,172.3,285018.0,493.52
2017-01-24,173.95,174.5,172.6,172.8,173.0,92185.0,159.89
2017-01-25,173.15,175.85,172.65,174.25,174.65,132502.0,231.06
2017-01-27,175.6,178.8,173.65,176.55,176.85,189905.0,335.44
2017-01-30,176.3,184.0,175.65,178.45,179.05,469421.0,844.3
2017-01-31,179.35,179.35,175.0,175.2,175.2,113347.0,200.07
2017-02-01,175.9,179.0,171.1,173.0,173.25,222746.0,388.04
2017-02-02,174.25,176.35,173.25,174.2,174.25,140821.0,246.07
2017-02-03,175.5,177.4,174.3,175.8,176.0,140434.0,246.79
2017-02-06,176.55,186.9,175.1,183.6,183.25,781968.0,1428.96
2017-02-07,185.0,187.9,184.55,186.05,186.1,377180.0,701.8
2017-02-08,185.25,187.1,181.6,182.15,182.55,112720.0,206.99
2017-02-09,182.8,185.0,180.8,180.8,181.75,139650.0,254.64
2017-02-10,180.4,183.3,180.0,180.2,180.85,140439.0,255.23
2017-02-13,180.85,181.9,176.2,176.45,176.7,144674.0,257.94
2017-02-14,176.8,177.55,173.75,174.0,174.4,131144.0,229.68
2017-02-15,174.05,175.55,170.1,171.5,171.1,155472.0,267.35
2017-02-16,171.55,175.3,170.45,175.1,174.3,115790.0,200.42
2017-02-17,175.85,179.35,174.65,176.4,176.35,207056.0,365.74
2017-02-20,177.0,179.15,175.15,175.7,175.9,128090.0,227.31
2017-02-21,176.7,177.7,175.0,175.15,175.55,93661.0,164.72
2017-02-22,176.2,176.6,173.6,173.6,174.15,83171.0,145.4
2017-02-23,174.85,176.2,173.0,173.35,173.9,111784.0,194.33
2017-02-27,173.9,175.0,172.1,172.8,173.25,116630.0,202.34
2017-02-28,174.25,176.0,171.25,171.65,171.85,145846.0,252.25
2017-03-01,172.25,174.0,171.05,171.3,171.8,178213.0,307.11
2017-03-02,172.2,172.9,169.2,169.75,169.75,205156.0,351.31
2017-03-03,169.5,170.75,169.0,169.05,169.35,109484.0,185.51
2017-03-06,169.9,170.8,168.0,169.0,168.95,121040.0,205.26
2017-03-07,169.15,171.5,168.5,168.7,169.2,101111.0,171.6
2017-03-08,169.0,173.75,169.0,170.4,170.7,314347.0,540.06
2017-03-09,170.0,170.95,168.45,168.9,169.1,90156.0,152.89
2017-03-10,169.15,170.4,168.1,168.35,168.2,106642.0,179.9
2017-03-14,171.95,172.4,167.55,168.15,168.05,173267.0,293.32
2017-03-15,168.8,170.1,165.55,165.8,166.0,206928.0,346.51
2017-03-16,167.1,170.0,167.1,167.85,167.8,289549.0,486.88
2017-03-17,168.7,170.0,167.45,167.85,167.9,132529.0,223.34
2017-03-20,168.95,169.0,167.0,167.3,167.25,161477.0,270.44
2017-03-21,167.8,168.5,165.9,166.75,166.65,156563.0,261.41
2017-03-22,165.25,166.65,164.1,164.5,164.5,156062.0,257.41
2017-03-23,165.25,168.7,165.0,168.0,167.5,144918.0,241.94
2017-03-24,167.5,169.5,167.0,168.85,169.05,183427.0,309.51
2017-03-27,168.85,168.85,166.1,168.1,167.85,315941.0,530.38
2017-03-28,167.85,172.9,167.5,168.15,168.6,638824.0,1085.67
2017-03-29,169.75,171.5,167.1,167.5,167.75,184811.0,313.02
2017-03-30,167.5,168.85,165.5,166.0,166.0,150355.0,251.23
2017-03-31,166.55,167.4,165.0,165.0,165.4,168784.0,280.08
2017-04-03,165.25,183.8,165.05,179.05,179.65,1540792.0,2739.47
2017-04-05,180.0,187.0,180.0,183.9,183.7,742616.0,1365.42
2017-04-06,183.8,185.0,180.35,182.15,181.95,251027.0,456.98
2017-04-07,182.0,187.6,180.1,181.0,181.65,542285.0,1000.1
2017-04-10,182.0,184.65,180.0,180.3,180.65,196471.0,358.21
2017-04-11,181.25,184.0,180.0,180.9,180.95,156518.0,284.02
2017-04-12,181.0,181.45,175.15,176.85,177.15,177338.0,315.72
2017-04-13,177.85,179.55,175.0,175.0,175.5,112883.0,199.63
2017-04-17,175.5,179.0,173.6,176.25,176.05,160928.0,283.16
2017-04-18,176.85,181.85,174.55,176.0,175.6,338959.0,605.98
2017-04-19,176.85,191.9,175.65,186.7,186.65,1549535.0,2902.78
2017-04-20,186.75,192.5,185.45,188.25,188.6,720337.0,1364.16
2017-04-21,189.05,194.4,189.0,191.0,191.35,649216.0,1247.06
2017-04-24,192.05,194.1,188.0,188.15,188.35,227304.0,434.14
2017-04-25,189.7,189.7,184.0,185.95,185.0,361201.0,670.13
2017-04-26,186.7,188.7,180.0,180.85,181.3,187580.0,345.45
2017-04-27,181.85,184.7,180.3,182.6,182.7,186156.0,339.91
2017-04-28,182.7,183.15,180.0,180.5,180.8,92450.0,167.92
2017-05-02,181.75,183.65,178.0,178.8,179.35,183589.0,330.91
2017-05-03,179.9,182.4,176.0,176.55,176.8,231989.0,414.39
2017-05-04,177.0,186.4,176.55,184.95,184.5,374655.0,682.31
2017-05-05,185.7,190.5,183.8,188.2,188.7,663213.0,1246.47
2017-05-08,190.35,191.8,186.0,187.7,188.3,277438.0,524.99
2017-05-09,188.0,189.65,184.0,186.0,185.7,139563.0,260.27
2017-05-10,186.9,191.9,186.35,186.9,187.65,236616.0,447.49
2017-05-11,187.55,198.85,187.55,197.4,197.35,1426726.0,2792.72
2017-05-12,198.65,199.3,192.65,194.7,195.35,572278.0,1120.62
2017-05-15,197.9,199.35,192.0,192.1,192.45,403321.0,785.53
2017-05-16,192.0,194.8,186.0,187.5,188.25,289506.0,552.52
2017-05-17,188.45,192.0,187.15,188.1,188.05,154371.0,292.49
2017-05-18,187.0,191.9,184.35,185.55,186.15,250603.0,472.79
2017-05-19,185.5,186.0,175.3,181.2,180.3,292537.0,532.64
2017-05-22,181.2,183.4,178.0,180.2,180.0,167075.0,300.86
2017-05-23,180.25,180.7,172.5,178.0,178.4,218894.0,387.58
2017-05-24,178.0,182.0,173.0,174.95,174.1,143086.0,254.16
2017-05-25,175.25,179.3,173.25,174.9,174.15,260090.0,455.75
2017-05-26,175.0,179.8,175.0,177.0,176.15,242807.0,430.99
2017-05-29,181.0,188.5,180.0,187.0,187.1,639650.0,1182.2
2017-05-30,186.75,191.0,183.7,185.65,186.8,272781.0,511.62
2017-05-31,186.65,190.8,185.05,188.0,187.65,233838.0,440.88
2017-06-01,187.9,192.0,187.15,191.9,191.25,263922.0,502.67
2017-06-02,191.5,193.3,188.15,189.0,189.15,195831.0,373.12
2017-06-05,188.75,190.5,186.6,186.8,187.1,73902.0,139.1
2017-06-06,187.7,187.7,183.2,185.05,185.4,102285.0,189.51
2017-06-07,184.95,191.0,184.75,185.55,186.6,136356.0,256.52
2017-06-08,185.1,187.5,183.5,184.1,184.15,175915.0,326.2
2017-06-09,184.2,186.2,183.8,184.65,184.85,124286.0,230.12
2017-06-12,184.95,188.5,181.7,184.95,184.65,81172.0,150.2
2017-06-13,184.95,191.95,184.9,186.7,186.45,420842.0,793.67
2017-06-14,186.9,187.4,183.4,184.0,183.95,103570.0,191.75
2017-06-15,182.8,188.9,182.8,184.4,184.8,147611.0,274.5
2017-06-16,185.0,186.15,182.35,183.2,183.7,155099.0,285.63
2017-06-19,183.95,185.35,179.8,180.25,180.9,90743.0,165.44
2017-06-20,180.95,183.5,178.1,178.6,179.0,116537.0,210.19
2017-06-21,179.0,182.15,178.9,180.4,180.5,125247.0,225.88
2017-06-22,180.6,181.9,176.15,177.3,177.25,121307.0,216.88
2017-06-23,177.0,181.0,173.25,175.0,174.85,158750.0,277.88
2017-06-27,175.1,176.0,171.0,172.5,172.65,145226.0,250.52
2017-06-28,172.0,175.55,171.15,173.7,173.7,123807.0,214.18
2017-06-29,173.95,174.8,171.1,171.95,171.85,85954.0,148.52
2017-06-30,171.7,173.4,171.05,172.05,171.75,137837.0,237.07
2017-07-03,171.95,173.8,170.9,171.4,171.7,131270.0,225.9
2017-07-04,171.1,174.0,169.7,170.0,170.3,175876.0,302.07
2017-07-05,170.9,171.7,169.0,169.95,169.95,143299.0,243.99
2017-07-06,170.4,177.45,170.0,173.45,174.0,579990.0,1016.86
2017-07-07,174.45,177.15,172.5,172.6,172.8,186208.0,323.85
2017-07-10,180.0,180.0,170.0,173.1,173.65,53246.0,92.34
2017-07-11,174.8,176.95,173.65,174.1,174.25,249820.0,438.64
2017-07-12,174.4,175.0,170.6,170.9,171.15,213883.0,368.2
2017-07-13,172.6,174.8,171.5,172.75,172.5,202246.0,350.86
2017-07-14,172.05,176.5,172.05,173.0,172.7,251797.0,437.06
2017-07-17,173.4,174.0,172.0,173.1,172.7,186126.0,320.6
2017-07-18,172.25,175.0,170.8,171.6,171.3,213559.0,368.06
2017-07-19,172.15,175.5,171.85,172.3,172.75,255093.0,442.09
2017-07-20,172.8,173.9,170.25,170.7,170.75,139762.0,240.35
2017-07-21,170.2,174.0,170.2,171.3,171.3,166804.0,287.15
2017-07-24,171.7,172.2,167.0,167.8,168.1,186562.0,316.52
2017-07-25,168.5,169.25,167.0,168.5,167.5,139781.0,234.59
2017-07-26,167.65,169.85,167.65,168.7,168.85,98409.0,166.22
2017-07-27,168.8,171.7,168.25,170.75,170.3,119924.0,203.2
2017-07-28,169.95,170.9,168.0,168.2,168.5,91988.0,155.82
2017-07-31,168.9,170.15,166.0,166.0,166.7,189318.0,317.48
2017-08-01,166.95,172.9,166.6,170.5,170.6,205664.0,349.99
2017-08-02,170.0,173.25,169.9,170.0,170.2,124028.0,212.37
2017-08-03,170.85,171.45,170.0,170.05,170.45,98540.0,167.81
2017-08-04,170.3,170.6,168.2,169.55,169.1,85134.0,144.51
2017-08-07,169.75,169.9,167.35,167.6,168.35,63096.0,106.63
2017-08-08,168.0,168.55,165.1,165.55,165.6,114276.0,190.5
2017-08-09,165.0,167.95,163.7,164.0,164.65,123262.0,204.29
2017-08-10,164.0,166.5,160.0,161.1,161.0,180176.0,295.05
2017-08-11,159.9,160.0,155.0,156.0,156.2,178749.0,280.83
2017-08-14,156.9,164.8,156.9,160.25,160.3,141476.0,226.49
2017-08-16,162.0,162.8,156.0,156.8,157.25,191652.0,304.89
2017-08-17,157.55,167.0,157.55,164.4,163.55,716019.0,1176.44
2017-08-18,162.8,162.8,160.0,160.25,160.65,132810.0,213.7
2017-08-21,160.65,167.65,160.3,165.0,165.35,598623.0,989.98
2017-08-22,165.5,167.7,161.2,161.75,161.95,189323.0,309.7
2017-08-23,162.0,165.0,161.65,162.15,162.5,78657.0,128.09
2017-08-24,162.5,170.0,161.0,168.25,167.95,449072.0,745.68
2017-08-28,170.0,170.65,165.55,167.0,166.95,164515.0,276.6
2017-08-29,166.0,167.0,163.0,163.1,163.45,94078.0,154.82
2017-08-30,164.0,166.2,162.1,162.25,162.4,111453.0,182.05
2017-08-31,162.85,166.5,162.5,164.0,163.6,134046.0,219.9
2017-09-01,163.6,166.0,162.6,163.6,164.05,129108.0,212.49
2017-09-04,163.6,165.9,163.25,163.8,163.9,129131.0,212.03
2017-09-05,164.0,167.4,163.9,164.0,164.2,169010.0,278.79
2017-09-06,163.5,163.8,160.0,162.25,162.4,114927.0,186.63
2017-09-07,162.85,164.05,160.75,160.95,161.1,151228.0,244.72
2017-09-08,162.6,162.6,157.5,158.05,158.45,248637.0,395.99
2017-09-11,159.9,165.8,157.55,160.95,160.4,328030.0,527.85
2017-09-12,160.4,165.4,160.4,164.0,164.0,208180.0,340.9
2017-09-13,164.0,174.3,162.05,168.65,168.55,868910.0,1478.61
2017-09-14,168.6,172.95,166.2,171.85,171.8,292023.0,498.49
2017-09-15,170.5,180.0,168.8,178.0,178.6,676576.0,1190.62
2017-09-18,179.9,180.25,172.2,174.0,173.15,170494.0,299.35
2017-09-19,174.0,180.0,173.5,179.2,179.3,393923.0,701.89
2017-09-20,179.8,189.55,179.75,183.5,183.5,771630.0,1425.71
2017-09-21,183.7,198.2,181.85,191.9,190.5,1283440.0,2454.01
2017-09-22,190.8,194.0,182.95,183.75,184.15,564923.0,1064.96
2017-09-25,184.0,184.0,171.65,178.45,177.8,562067.0,999.14
2017-09-26,178.35,188.05,178.3,181.5,181.55,410065.0,751.75
2017-09-27,182.25,183.75,173.0,175.5,174.55,157979.0,281.51
2017-09-28,174.1,177.55,172.7,175.05,175.25,137285.0,240.53
2017-09-29,175.7,180.0,175.7,177.5,177.0,95687.0,170.22
2017-10-03,178.2,184.5,177.0,180.5,180.35,210861.0,383.24
2017-10-04,180.45,186.8,178.1,182.6,182.45,443689.0,812.94
2017-10-05,182.3,185.55,178.0,181.25,182.15,177857.0,324.0
2017-10-06,182.75,185.5,181.0,181.5,181.9,192887.0,353.29
2017-10-09,181.4,183.8,177.05,179.8,180.9,134756.0,244.85
2017-10-10,181.1,198.8,180.65,191.5,190.75,2178524.0,4188.28
2017-10-11,191.6,204.4,190.3,194.1,194.55,1400999.0,2775.92
2017-10-12,195.05,204.85,195.05,200.8,201.7,805066.0,1624.67
2017-10-13,202.45,205.9,197.05,199.0,198.0,518813.0,1047.56
2017-10-16,200.0,228.7,200.0,222.0,220.2,6143552.0,13508.33
2017-10-17,222.05,230.4,218.1,222.1,221.15,2225516.0,4994.54
2017-10-18,222.05,228.9,216.05,224.9,223.25,1765212.0,3945.36
2017-10-19,225.85,225.9,218.55,220.6,220.6,282127.0,628.48
2017-10-23,221.15,224.25,212.0,212.5,213.05,426171.0,926.33
2017-10-24,213.9,228.0,210.6,219.7,218.4,1526583.0,3388.92
2017-10-25,220.05,221.3,210.1,212.6,211.55,526736.0,1131.86
2017-10-26,212.0,218.0,210.8,212.1,212.6,494386.0,1055.97
2017-10-27,212.15,216.5,208.55,210.25,209.45,416559.0,883.36
2017-10-30,210.0,215.0,209.1,211.3,210.35,504335.0,1071.42
2017-10-31,211.3,218.0,210.35,215.2,214.85,747182.0,1605.89
2017-11-01,216.0,224.9,215.25,217.7,216.45,841727.0,1850.65
2017-11-02,217.1,221.9,216.9,218.0,217.8,383680.0,840.56
2017-11-03,218.0,220.1,215.0,216.05,215.9,241036.0,522.5
2017-11-06,215.65,216.35,211.65,212.45,212.2,169867.0,363.24
2017-11-07,213.4,214.0,205.1,209.0,209.65,319159.0,671.48
2017-11-08,208.1,210.55,196.1,198.5,198.45,265524.0,537.8
2017-11-09,203.25,207.2,198.15,200.75,200.4,238019.0,480.57
2017-11-10,200.0,204.3,196.25,197.55,198.05,262497.0,523.97
2017-11-13,198.05,203.45,197.0,198.8,197.7,331106.0,664.3
2017-11-14,198.95,201.0,192.0,192.0,192.7,216955.0,423.24
2017-11-15,192.9,195.7,190.3,192.0,190.85,156601.0,302.23
2017-11-16,190.1,200.95,189.1,198.65,198.5,909555.0,1795.99
2017-11-17,200.95,202.35,195.55,196.25,196.7,316907.0,632.28
2017-11-20,197.05,198.3,193.65,194.2,194.6,139177.0,272.4
2017-11-21,194.5,206.0,194.5,201.0,200.9,559477.0,1123.63
2017-11-22,202.2,205.9,197.0,203.9,202.6,419808.0,852.12
2017-11-23,203.0,207.4,201.35,202.75,202.15,256925.0,525.34
2017-11-24,202.9,205.3,200.25,202.0,201.5,161382.0,327.28
2017-11-27,201.65,205.0,198.0,204.0,203.65,210373.0,426.31
2017-11-28,207.0,207.0,198.8,198.9,199.25,127897.0,258.12
2017-11-29,199.4,202.3,197.1,197.45,198.0,104167.0,207.89
2017-11-30,197.0,198.6,196.0,196.75,196.6,105128.0,207.19
2017-12-01,197.0,203.6,192.2,194.15,193.5,220626.0,435.68
2017-12-04,193.5,196.0,190.55,191.4,191.6,123056.0,238.26
2017-12-05,191.4,194.8,187.75,191.4,190.45,110867.0,211.4
2017-12-06,190.0,199.9,189.05,196.9,196.2,505093.0,994.39
2017-12-07,197.3,199.0,194.65,194.7,195.45,124015.0,244.01
2017-12-08,196.25,199.0,193.4,194.75,195.0,125696.0,246.63
2017-12-11,195.1,199.0,187.0,187.5,187.75,1013447.0,1957.48
2017-12-12,189.0,192.1,185.1,186.4,185.95,334214.0,629.95
2017-12-13,186.55,188.9,184.35,185.1,185.5,157786.0,295.11
2017-12-14,186.25,189.15,183.6,184.3,184.35,255348.0,476.75
2017-12-15,185.95,188.35,184.0,184.1,184.75,159099.0,295.89
2017-12-18,185.0,185.15,180.25,182.05,181.95,221193.0,404.77
2017-12-19,182.8,185.7,182.8,183.5,183.65,159644.0,293.72
2017-12-20,183.65,191.8,183.6,188.3,187.85,546916.0,1034.44
2017-12-21,187.85,191.9,187.0,187.5,187.5,532712.0,1006.46
2017-12-22,189.4,194.5,189.05,190.0,190.8,743460.0,1426.85
2017-12-26,191.05,196.9,191.05,196.5,195.8,556023.0,1085.46
2017-12-27,196.35,202.0,196.35,197.25,197.8,753967.0,1506.9
2017-12-28,198.1,204.75,198.0,202.2,201.95,613946.0,1240.98
2017-12-29,203.9,205.0,201.25,203.7,203.4,349732.0,713.06
2018-01-01,203.0,209.0,203.0,205.9,204.85,428549.0,884.52
2018-01-02,206.0,208.0,199.05,202.7,202.65,336239.0,682.61
2018-01-03,202.7,205.95,201.5,202.6,202.75,313688.0,638.34
2018-01-04,202.8,218.0,202.8,217.9,215.25,1327648.0,2818.77
2018-01-05,218.7,221.3,210.0,216.25,216.0,934476.0,2023.76
2018-01-08,216.95,224.3,216.55,217.35,218.1,629565.0,1385.04
2018-01-09,218.5,221.5,211.85,214.45,213.85,379689.0,820.4
2018-01-10,214.55,216.0,210.65,211.9,212.0,260716.0,555.55
2018-01-11,212.25,217.7,209.55,214.55,214.5,383104.0,821.59
2018-01-12,213.5,215.5,209.1,209.85,210.7,273001.0,577.33
2018-01-15,210.9,214.5,206.1,207.0,207.35,300601.0,629.43
2018-01-16,207.0,209.0,198.05,199.9,199.15,304279.0,613.08
2018-01-17,199.1,205.5,196.05,203.4,203.95,381455.0,774.84
2018-01-18,204.0,211.0,198.25,199.95,200.7,619153.0,1274.27
2018-01-19,199.95,203.4,196.1,198.4,198.35,212990.0,424.91
2018-01-22,199.05,202.0,197.1,198.05,199.25,221322.0,441.15
2018-01-23,200.0,206.65,199.4,204.0,203.75,529550.0,1075.11
2018-01-24,203.65,213.0,201.55,209.25,208.75,693733.0,1444.32
2018-01-25,210.1,218.0,210.1,215.5,215.0,997437.0,2137.62
2018-01-29,218.0,250.8,217.95,239.2,239.95,8544823.0,20430.83
2018-01-30,237.7,240.9,223.0,225.0,224.45,3147293.0,7330.27
2018-01-31,225.0,231.45,212.1,214.0,215.0,1546034.0,3435.06
2018-02-01,215.0,218.0,205.0,209.6,209.5,712463.0,1509.66
2018-02-02,202.0,209.6,188.8,189.65,191.45,1009525.0,2012.02
2018-02-05,187.8,201.9,182.0,200.25,199.45,789444.0,1534.33
2018-02-06,191.0,195.4,184.8,193.95,194.1,534111.0,1022.63
2018-02-07,198.1,202.5,189.1,190.0,191.4,513135.0,1006.99
2018-02-08,192.0,198.9,192.0,198.4,197.6,364173.0,716.11
2018-02-09,193.0,197.5,192.1,195.1,195.45,250622.0,489.77
2018-02-12,198.0,206.4,198.0,199.35,200.1,402823.0,814.56
2018-02-14,201.65,205.4,200.0,200.5,200.15,323531.0,654.58
2018-02-15,201.75,204.3,195.0,198.5,197.6,249773.0,499.04
2018-02-16,199.0,202.5,195.0,195.35,195.55,177320.0,350.84
2018-02-19,196.1,196.95,190.0,191.6,191.6,263696.0,505.47
2018-02-20,191.6,197.2,190.6,192.5,192.2,472987.0,917.06
2018-02-21,193.1,196.0,190.05,190.5,191.05,198425.0,381.28
2018-02-22,190.05,192.95,188.5,189.6,189.05,180860.0,344.62
2018-02-23,189.6,193.0,189.55,189.8,189.95,187168.0,357.63
2018-02-26,190.15,193.6,190.15,191.7,191.7,142147.0,273.48
2018-02-27,192.8,193.6,189.0,189.8,189.7,140240.0,267.23
2018-02-28,188.7,191.7,187.1,188.35,187.85,225752.0,425.89
2018-03-01,191.9,192.35,188.0,192.0,191.25,144422.0,275.87
2018-03-05,191.25,193.0,186.0,187.8,186.7,150670.0,284.01
2018-03-06,189.0,190.6,183.6,185.55,185.1,121448.0,227.49
2018-03-07,184.95,185.4,176.0,178.6,178.1,314419.0,564.45
2018-03-08,178.5,181.0,168.6,174.5,174.4,275883.0,478.15
2018-03-09,174.95,181.0,174.6,176.0,176.45,228572.0,406.08
2018-03-12,177.55,181.8,177.0,177.4,178.15,246272.0,442.11
2018-03-13,177.5,180.9,177.0,180.55,179.55,154454.0,277.63
2018-03-14,178.05,180.0,176.3,177.0,177.2,173663.0,308.48
2018-03-15,177.2,184.25,177.15,182.65,183.0,249764.0,452.65
2018-03-16,183.0,184.9,177.4,178.3,178.65,229641.0,416.79
2018-03-19,178.0,178.85,172.5,172.7,173.55,150965.0,265.91
2018-03-20,172.85,174.9,166.5,166.95,167.35,298782.0,506.6
2018-03-21,168.0,172.6,168.0,169.6,169.75,231469.0,395.28
2018-03-22,172.1,175.3,170.0,170.8,170.5,340527.0,586.78
2018-03-23,168.65,172.0,161.0,168.0,168.55,218707.0,367.36
2018-03-26,167.3,170.45,166.0,170.35,169.45,188499.0,316.96
2018-03-27,172.0,175.2,171.05,172.8,173.05,170478.0,295.8
2018-03-28,172.0,172.0,167.1,167.5,167.4,158992.0,268.87
2018-04-02,169.0,173.45,168.25,172.8,172.8,121588.0,209.5
2018-04-03,172.4,177.75,171.15,172.5,172.8,408126.0,709.79
2018-04-04,173.45,175.65,170.2,171.35,171.35,337645.0,585.95
2018-04-05,172.95,174.0,170.95,172.0,171.9,161731.0,279.0
2018-04-06,172.0,173.15,170.5,170.95,170.9,210543.0,361.42
2018-04-09,171.05,182.25,170.15,179.3,180.9,2855909.0,5040.98
2018-04-10,180.5,181.05,175.55,178.4,178.0,553314.0,986.58
2018-04-11,178.0,178.8,175.35,176.55,177.45,218683.0,387.5
2018-04-12,176.55,181.0,176.2,178.35,177.7,238493.0,425.91
2018-04-13,178.4,179.0,174.15,175.3,175.2,181004.0,319.38
2018-04-16,174.0,178.4,173.7,174.25,174.55,184472.0,323.96
2018-04-17,175.0,178.0,175.0,175.5,175.95,212578.0,375.06
2018-04-18,176.45,177.8,174.8,175.5,175.25,131096.0,230.7
2018-04-19,175.45,188.85,174.25,184.3,185.65,1288791.0,2375.18
2018-04-20,185.15,196.0,182.0,193.05,193.1,1079101.0,2051.14
2018-04-23,191.2,201.5,191.2,197.1,197.6,885486.0,1744.9
2018-04-24,196.85,201.9,179.5,183.0,182.95,1879414.0,3531.38
2018-04-25,182.85,186.55,177.35,178.0,178.65,507113.0,926.11
2018-04-26,178.8,183.8,176.7,177.9,178.0,283560.0,510.71
2018-04-27,178.55,180.75,178.55,178.9,178.9,141985.0,254.74
2018-04-30,179.0,184.4,179.0,179.2,179.65,254036.0,461.65
2018-05-02,180.05,184.8,180.0,180.45,180.45,223117.0,405.67
2018-05-03,179.45,184.45,179.1,181.25,181.4,310045.0,565.97
2018-05-04,180.5,184.0,180.4,182.0,181.5,109890.0,200.23
2018-05-07,182.05,192.0,182.05,189.5,189.75,1111771.0,2098.95
2018-05-08,191.05,191.6,183.1,184.7,184.45,213530.0,399.43
2018-05-09,184.9,187.9,182.1,182.6,183.2,363596.0,673.33
2018-05-10,183.6,184.0,180.0,180.0,180.4,118147.0,214.62
2018-05-11,180.0,182.4,178.35,180.0,179.85,239846.0,432.2
2018-05-14,179.8,185.0,179.75,181.0,181.8,258089.0,472.16
2018-05-15,181.1,196.5,181.1,189.65,189.95,2419950.0,4594.82
2018-05-16,189.8,203.8,188.0,191.05,192.25,1654821.0,3232.41
2018-05-17,194.1,194.45,186.1,186.55,186.85,466678.0,882.09
2018-05-18,186.85,188.95,182.45,183.4,183.9,249339.0,461.58
2018-05-21,183.8,184.5,180.0,181.2,180.7,204817.0,372.91
2018-05-22,180.5,189.8,180.05,187.0,188.55,515507.0,955.82
2018-05-23,189.35,194.75,188.25,191.5,192.15,1010656.0,1941.16
2018-05-24,192.75,195.0,185.6,190.2,189.9,237160.0,452.54
2018-05-25,189.3,193.7,189.3,190.65,191.0,174918.0,334.91
2018-05-28,191.3,199.55,191.3,197.45,196.7,476243.0,930.42
2018-05-29,197.9,198.5,189.0,192.9,191.9,492507.0,952.97
2018-05-30,190.0,198.8,190.0,196.85,196.9,583906.0,1142.56
2018-05-31,198.05,198.1,190.5,191.6,191.1,227157.0,438.84
2018-06-01,191.3,194.8,190.05,191.65,192.85,259334.0,498.52
2018-06-04,191.75,195.0,183.5,183.8,184.85,432040.0,819.78
2018-06-05,183.8,192.8,183.1,186.3,186.65,797922.0,1508.81
2018-06-06,184.95,194.3,184.95,191.0,191.45,402690.0,771.34
2018-06-07,190.7,210.7,190.7,202.8,203.35,2206808.0,4473.29
2018-06-08,203.0,218.4,199.8,213.95,214.7,2598464.0,5494.82
2018-06-11,217.5,228.25,217.5,226.3,226.6,2252799.0,5059.35
2018-06-12,228.1,233.55,218.0,231.5,230.9,2627666.0,5972.21
2018-06-13,231.7,237.8,225.0,228.05,228.7,1363984.0,3185.77
2018-06-14,228.0,236.0,225.0,233.45,233.8,1280012.0,2984.91
2018-06-15,233.6,240.85,233.2,237.1,238.65,1464389.0,3479.36
2018-06-18,238.05,242.4,226.0,229.0,229.45,849267.0,1990.7
2018-06-19,228.6,228.65,216.0,217.05,217.8,1024795.0,2270.62
2018-06-20,218.9,226.45,216.95,222.2,223.4,1219184.0,2714.83
2018-06-21,224.0,224.85,214.25,214.65,216.35,363016.0,794.97
2018-06-22,214.95,222.6,209.5,221.9,221.2,863212.0,1864.52
2018-06-25,221.75,224.7,214.1,216.95,215.5,342810.0,753.95
2018-06-26,212.1,216.95,209.0,210.3,210.45,303550.0,647.56
2018-06-27,210.5,213.1,201.75,202.55,203.8,492539.0,1013.56
2018-06-28,202.75,208.95,199.15,200.0,200.25,445517.0,902.62
2018-06-29,201.25,208.7,201.25,207.05,207.95,540106.0,1112.02
2018-07-02,208.8,210.2,203.35,206.4,205.15,258528.0,534.48
2018-07-03,205.0,213.8,202.1,208.0,209.0,865311.0,1804.05
2018-07-04,209.15,219.5,209.15,219.0,218.25,1165619.0,2508.36
2018-07-05,219.2,224.9,215.7,218.1,217.95,768597.0,1701.5
2018-07-06,218.0,230.0,217.6,222.5,223.25,1441342.0,3229.86
2018-07-09,225.0,229.5,224.35,228.65,228.45,620851.0,1411.36
2018-07-10,230.5,232.6,228.2,230.95,230.3,498827.0,1148.38
2018-07-11,229.9,229.9,220.0,221.9,221.15,436886.0,977.57
2018-07-12,222.9,226.0,217.8,219.4,219.95,230188.0,512.44
2018-07-13,220.85,221.9,215.1,218.0,217.15,230762.0,502.51
2018-07-16,218.0,218.0,215.0,216.2,216.3,404504.0,873.56
2018-07-17,216.55,224.95,215.6,222.2,222.6,436987.0,967.06
2018-07-18,223.75,226.5,218.85,220.4,221.1,391966.0,874.1
2018-07-19,221.8,222.5,215.0,216.45,215.9,364474.0,791.21
2018-07-20,217.45,225.5,215.0,225.35,223.8,437263.0,963.87
2018-07-23,224.35,231.9,220.8,230.9,230.4,561806.0,1282.49
2018-07-24,233.75,241.0,228.6,237.7,238.65,1410289.0,3335.39
2018-07-25,240.05,241.8,230.0,231.55,231.2,382144.0,900.49
2018-07-26,231.6,234.9,227.5,229.25,229.15,248297.0,572.83
2018-07-27,229.9,232.7,228.0,230.0,229.1,218708.0,504.55
2018-07-30,230.0,234.2,227.0,229.15,229.85,280203.0,647.93
2018-07-31,230.15,233.55,228.15,230.4,230.25,234816.0,540.97
2018-08-01,230.55,234.35,220.0,220.15,220.85,513332.0,1160.23
2018-08-02,221.15,226.7,220.0,222.25,222.7,374495.0,835.66
2018-08-03,223.15,225.2,222.25,223.1,222.95,193751.0,433.11
2018-08-06,223.7,228.0,221.05,224.75,224.8,272764.0,615.56
2018-08-07,225.45,231.75,223.85,228.95,228.7,489027.0,1114.12
2018-08-08,229.0,234.9,226.6,229.7,230.1,413845.0,960.08
2018-08-09,231.0,234.5,229.05,230.5,230.6,278282.0,645.78
2018-08-10,230.9,238.6,230.9,235.2,235.45,789713.0,1861.61
2018-08-13,232.2,239.4,230.1,233.2,233.8,410877.0,967.45
2018-08-14,235.8,238.95,226.8,235.0,236.75,573765.0,1347.8
2018-08-16,236.75,240.75,230.2,231.1,231.35,868924.0,2039.47
2018-08-17,232.25,237.75,232.25,234.0,233.7,458615.0,1077.63
2018-08-20,235.0,235.9,230.5,230.55,231.65,181423.0,423.53
2018-08-21,231.9,264.9,223.65,256.4,257.65,5564095.0,14113.59
2018-08-23,257.45,267.7,252.85,260.2,260.7,3385929.0,8849.59
2018-08-24,258.8,265.0,255.25,262.0,262.3,1010134.0,2630.92
2018-08-27,265.0,285.7,265.0,273.4,272.6,3842039.0,10640.26
2018-08-28,274.75,294.9,274.0,294.8,291.0,3287613.0,9369.45
2018-08-29,295.2,299.85,268.0,272.15,270.9,3630061.0,10370.64
2018-08-30,275.0,281.2,271.4,279.5,278.9,1287685.0,3565.89
2018-08-31,278.0,283.5,273.1,279.9,279.6,787860.0,2197.02
2018-09-03,280.0,282.35,270.2,272.2,272.15,549070.0,1516.26
2018-09-04,272.0,273.2,258.05,260.2,260.35,782679.0,2072.57
2018-09-05,260.0,275.3,257.55,275.0,271.65,1065975.0,2850.72
2018-09-06,273.0,283.8,273.0,280.9,280.5,1118168.0,3125.62
2018-09-07,281.5,317.8,275.5,308.5,309.95,4801834.0,14605.95
2018-09-10,307.0,323.8,305.35,323.8,319.4,2608694.0,8218.54
2018-09-11,325.0,337.8,305.0,310.9,309.3,4582984.0,14845.75
2018-09-12,311.0,314.7,298.5,306.4,306.6,1720949.0,5284.83
2018-09-14,309.35,318.4,307.3,311.55,312.95,1364643.0,4269.97
2018-09-17,310.8,318.0,306.5,313.8,313.95,1268993.0,3968.52
2018-09-18,312.0,316.9,297.55,301.7,301.75,808880.0,2487.44
2018-09-19,300.15,307.4,283.6,288.95,289.3,1345879.0,3947.67
2018-09-21,290.25,292.4,232.0,270.95,271.6,1437042.0,3952.22
2018-09-24,272.4,275.0,262.55,266.4,266.5,812080.0,2172.68
2018-09-25,266.0,284.6,264.1,274.25,273.45,1280170.0,3494.11
2018-09-26,277.8,288.7,275.4,277.8,278.6,1153569.0,3247.07
2018-09-27,279.0,280.5,265.0,266.45,266.45,532588.0,1443.35
2018-09-28,267.75,274.45,262.2,267.85,269.85,945522.0,2526.48
2018-10-01,267.7,273.15,245.0,271.2,270.35,917840.0,2376.84
2018-10-03,268.0,280.15,264.55,272.45,272.55,596235.0,1635.94
2018-10-04,266.2,272.0,255.0,264.2,263.85,737684.0,1949.51
2018-10-05,263.2,268.15,250.95,250.95,253.35,447184.0,1162.51
2018-10-08,251.0,252.85,240.8,242.75,244.2,489793.0,1201.26
2018-10-09,244.2,247.45,229.2,237.4,236.85,964818.0,2285.12
2018-10-10,238.1,256.0,236.6,255.6,253.75,740944.0,1852.91
2018-10-11,245.0,253.45,240.2,244.0,243.75,577326.0,1419.21
2018-10-12,247.0,261.45,246.9,255.75,258.0,770310.0,1952.91
2018-10-15,259.3,272.0,257.0,261.0,261.75,838600.0,2220.71
2018-10-16,264.0,269.4,257.0,258.0,257.95,593194.0,1559.24
2018-10-17,261.0,261.75,246.6,249.0,248.05,422612.0,1067.32
2018-10-19,248.0,249.75,240.3,243.0,242.8,476853.0,1162.84
2018-10-22,245.0,248.1,222.6,226.9,230.4,489119.0,1166.99
2018-10-23,225.0,228.0,220.0,222.5,222.65,623900.0,1394.38
2018-10-24,225.5,244.85,218.0,232.35,231.05,743054.0,1687.64
2018-10-25,227.7,233.0,223.65,227.5,227.3,385520.0,878.72
2018-10-26,226.2,232.8,222.2,226.8,227.0,412120.0,938.81
2018-10-29,228.0,242.2,227.15,240.9,240.3,705236.0,1672.29
2018-10-30,240.0,243.95,233.65,236.25,235.65,385248.0,920.86
2018-10-31,235.65,246.1,234.1,241.0,241.85,443059.0,1069.32
2018-11-01,243.8,248.45,238.9,240.8,240.35,452925.0,1101.17
2018-11-02,242.0,249.65,233.0,238.2,236.3,584584.0,1421.15
2018-11-05,236.3,242.2,235.8,241.6,240.95,252323.0,603.84
2018-11-06,242.0,247.7,239.5,246.1,245.55,401295.0,977.09
2018-11-07,246.8,252.0,246.0,251.9,250.05,243408.0,606.55
2018-11-09,252.0,256.9,250.6,254.8,255.0,412971.0,1050.6
2018-11-12,255.2,260.65,251.1,253.75,253.35,294508.0,752.68
2018-11-13,253.95,257.0,251.1,251.2,252.85,362932.0,920.02
2018-11-14,252.85,253.45,243.5,248.05,248.15,498597.0,1234.74
2018-11-15,235.0,259.4,223.3,253.3,256.25,1945297.0,4690.06
2018-11-16,251.0,256.0,245.6,246.9,247.8,436052.0,1091.82
2018-11-19,248.1,254.0,246.4,247.35,247.9,342301.0,856.45
2018-11-20,246.85,249.8,244.0,245.0,245.3,227585.0,560.08
2018-11-21,245.0,252.35,245.0,245.5,246.75,305877.0,761.2
2018-11-22,246.4,254.7,246.4,252.25,251.3,637075.0,1605.7
2018-11-26,252.6,253.65,245.55,247.55,247.5,231541.0,575.71
2018-11-27,247.45,251.0,245.0,245.65,246.1,211190.0,523.0
2018-11-28,247.35,249.3,235.0,244.35,241.75,338840.0,822.64
2018-11-29,243.0,245.85,240.3,241.45,241.2,155400.0,376.45
2018-11-30,241.5,244.9,236.85,240.5,241.3,239090.0,575.21
2018-12-03,241.9,243.45,236.65,237.0,237.4,198919.0,478.28
2018-12-04,237.4,239.7,235.55,236.15,236.4,161831.0,384.44
2018-12-05,235.7,236.95,230.6,232.0,232.45,167437.0,390.81
2018-12-06,230.8,232.8,225.0,232.0,231.25,235351.0,539.02
2018-12-07,231.0,234.8,229.2,231.0,231.05,199945.0,462.81
2018-12-10,228.05,230.0,218.8,220.0,222.0,202081.0,452.07
2018-12-11,217.0,232.45,216.0,232.0,231.2,285863.0,644.63
2018-12-12,232.65,239.6,232.0,237.75,238.15,191831.0,454.8
2018-12-13,239.9,240.95,234.6,236.55,236.4,150628.0,357.49
2018-12-14,235.75,238.4,231.1,232.5,232.45,120677.0,282.73
2018-12-17,233.0,235.9,229.2,230.15,230.0,147073.0,341.26
2018-12-18,230.0,231.0,227.0,228.0,227.5,164806.0,376.5
2018-12-19,227.75,235.6,227.5,228.2,228.35,308602.0,711.51
2018-12-20,227.2,231.5,226.0,228.6,229.3,158956.0,363.94
2018-12-21,228.6,231.65,223.8,224.9,225.3,396576.0,901.11
2018-12-24,225.1,227.6,220.65,220.9,221.55,154138.0,344.62
2018-12-26,220.2,224.25,216.7,221.1,221.65,162192.0,357.8
2018-12-27,222.9,229.55,222.55,225.0,226.0,405741.0,918.2
2018-12-28,227.6,233.0,227.0,229.75,230.2,268102.0,619.23
2018-12-31,232.25,234.4,225.5,226.1,226.55,139514.0,321.02
2019-01-01,226.2,234.0,226.2,231.8,232.2,222176.0,510.99
2019-01-02,230.4,239.7,228.95,235.05,236.0,392417.0,929.6
2019-01-03,235.05,238.95,232.0,234.0,234.45,134310.0,315.15
2019-01-04,233.55,237.45,232.0,233.3,233.0,135329.0,317.41
